data;Classe A 0 Sentido C;Classe A 0 Sentido D;Classe A 0 Total;Classe B 0 Sentido C;Classe B 0 Sentido D;Classe B 0 Total;Classe C 0 Sentido C;Classe C 0 Sentido D;Classe C 0 Total;Classe D 0 Sentido C;Classe D 0 Sentido D;Classe D 0 Total;Classe E 0 Sentido C;Classe E 0 Sentido D;Classe E 0 Total;Classe F 0 Sentido C;Classe F 0 Sentido D;Classe F 0 Total;Classe G 0 Sentido C;Classe G 0 Sentido D;Classe G 0 Total;Classe H 0 Sentido C;Classe H 0 Sentido D;Classe H 0 Total;Classe I 0 Sentido C;Classe I 0 Sentido D;Classe I 0 Total;Classe J 0 Sentido C;Classe J 0 Sentido D;Classe J 0 Total;Classe L 0 Sentido C;Classe L 0 Sentido D;Classe L 0 Total;Todos 0 Sentido C;Todos 0 Sentido D;Total Geral
01/08/2014;297;351;648;184;147;331;26;25;51;24;22;46;12;44;56;8;21;29;0;0;0;22;19;41;2241;2421;4662;436;547;983;253;164;417;3503;3761;7264
02/08/2014;210;239;449;154;125;279;22;20;42;9;24;33;7;42;49;6;20;26;0;1;1;14;8;22;2015;2809;4824;480;704;1184;199;135;334;3116;4127;7243
03/08/2014;165;142;307;61;42;103;11;6;17;11;5;16;22;9;31;8;5;13;0;1;1;20;3;23;3168;2365;5533;656;537;1193;163;74;237;4285;3189;7474
04/08/2014;254;378;632;169;198;367;19;18;37;16;9;25;12;22;34;7;14;21;0;0;0;13;3;16;2047;2019;4066;621;404;1025;259;150;409;3417;3215;6632
05/08/2014;278;358;636;180;187;367;42;31;73;20;22;42;8;43;51;6;19;25;0;0;0;12;16;28;1703;1928;3631;402;385;787;206;161;367;2857;3150;6007
06/08/2014;322;370;692;224;178;402;29;25;54;15;29;44;10;45;55;9;17;26;0;0;0;10;9;19;1847;1955;3802;419;386;805;228;172;400;3113;3186;6299
07/08/2014;259;411;670;208;226;434;21;25;46;11;23;34;16;45;61;14;13;27;0;1;1;9;16;25;1902;2020;3922;405;414;819;218;159;377;3063;3353;6416
08/08/2014;333;377;710;235;173;408;36;28;64;20;19;39;18;49;67;7;14;21;0;0;0;20;10;30;2456;2693;5149;451;547;998;256;180;436;3832;4090;7922
09/08/2014;236;272;508;162;126;288;23;19;42;13;7;20;7;32;39;3;8;11;0;0;0;8;8;16;2148;3483;5631;566;828;1394;146;124;270;3312;4907;8219
10/08/2014;147;98;245;61;40;101;16;5;21;10;12;22;7;9;16;14;4;18;0;0;0;24;4;28;3779;2683;6462;814;592;1406;157;59;216;5029;3506;8535
11/08/2014;228;362;590;184;182;366;20;36;56;20;22;42;12;24;36;9;10;19;0;0;0;7;9;16;2428;2102;4530;683;400;1083;224;153;377;3815;3300;7115
12/08/2014;253;338;591;215;220;435;29;31;60;18;23;41;9;33;42;11;19;30;0;0;0;15;15;30;1824;2096;3920;411;352;763;209;133;342;2994;3260;6254
13/08/2014;317;367;684;215;184;399;37;30;67;19;28;47;5;29;34;8;12;20;0;0;0;18;11;29;1808;1950;3758;405;378;783;243;177;420;3075;3166;6241
14/08/2014;315;456;771;202;204;406;24;30;54;16;25;41;14;38;52;14;17;31;1;0;1;16;19;35;1967;2707;4674;408;495;903;235;177;412;3212;4168;7380
15/08/2014;250;294;544;180;146;326;28;23;51;12;20;32;20;26;46;14;16;30;0;0;0;13;7;20;2185;3621;5806;457;652;1109;206;150;356;3365;4955;8320
16/08/2014;225;198;423;143;111;254;29;13;42;12;18;30;10;22;32;5;11;16;0;0;0;13;18;31;2033;2307;4340;497;606;1103;149;115;264;3116;3419;6535
17/08/2014;171;153;324;79;46;125;17;7;24;12;4;16;19;14;33;9;9;18;0;0;0;17;3;20;4698;2358;7056;724;518;1242;178;80;258;5924;3192;9116
18/08/2014;276;362;638;158;187;345;23;26;49;21;11;32;17;21;38;8;11;19;0;0;0;20;6;26;2182;2025;4207;597;365;962;239;152;391;3541;3166;6707
19/08/2014;283;370;653;182;189;371;27;31;58;16;29;45;20;41;61;7;14;21;0;2;2;15;11;26;1697;1889;3586;396;340;736;180;161;341;2823;3077;5900
20/08/2014;304;365;669;211;215;426;30;26;56;19;17;36;19;47;66;7;9;16;0;0;0;16;6;22;1779;1887;3666;401;394;795;249;157;406;3035;3123;6158
21/08/2014;310;408;718;210;229;439;37;36;73;15;14;29;17;32;49;12;18;30;2;0;2;14;14;28;1880;1822;3702;412;351;763;213;169;382;3122;3093;6215
22/08/2014;315;363;678;218;183;401;31;37;68;26;16;42;12;45;57;4;18;22;0;0;0;13;15;28;2189;2333;4522;403;504;907;214;199;413;3425;3713;7138
23/08/2014;205;254;459;168;143;311;26;17;43;11;20;31;10;37;47;5;10;15;0;0;0;9;10;19;1845;2539;4384;457;609;1066;146;132;278;2882;3771;6653
24/08/2014;171;135;306;71;47;118;14;9;23;14;8;22;14;20;34;8;4;12;1;0;1;10;8;18;2791;2206;4997;586;454;1040;160;76;236;3840;2967;6807
25/08/2014;270;383;653;200;200;400;26;25;51;17;19;36;17;12;29;7;11;18;0;0;0;21;4;25;1985;2006;3991;602;388;990;186;150;336;3331;3198;6529
26/08/2014;262;356;618;171;191;362;22;40;62;22;27;49;19;45;64;8;18;26;0;0;0;6;4;10;1695;1870;3565;407;370;777;229;164;393;2841;3085;5926
27/08/2014;306;349;655;172;176;348;30;26;56;21;28;49;6;38;44;5;7;12;0;0;0;7;5;12;1815;1861;3676;409;365;774;266;182;448;3037;3037;6074
28/08/2014;323;437;760;228;211;439;40;30;70;15;21;36;13;44;57;4;11;15;0;0;0;20;8;28;1888;1891;3779;385;343;728;220;198;418;3136;3194;6330
29/08/2014;307;357;664;254;206;460;35;22;57;18;34;52;13;29;42;4;14;18;1;1;2;17;13;30;2243;2417;4660;401;556;957;207;155;362;3500;3804;7304
30/08/2014;252;265;517;178;145;323;18;25;43;22;19;41;5;27;32;7;11;18;0;0;0;11;5;16;2025;2876;4901;511;705;1216;144;118;262;3173;4196;7369
31/08/2014;166;129;295;81;51;132;13;5;18;11;17;28;8;15;23;5;5;10;1;0;1;12;10;22;3299;2413;5712;686;539;1225;185;99;284;4467;3283;7750
01/09/2014;245;343;588;181;196;377;23;17;40;18;15;33;20;28;48;6;8;14;1;0;1;8;8;16;2086;2122;4208;666;394;1060;236;191;427;3490;3322;6812
02/09/2014;256;331;587;201;207;408;30;18;48;15;23;38;13;35;48;1;13;14;0;0;0;5;6;11;1798;1980;3778;419;411;830;228;180;408;2966;3204;6170
03/09/2014;280;374;654;219;237;456;28;27;55;27;30;57;14;35;49;6;11;17;0;0;0;18;10;28;1861;1954;3815;406;388;794;250;153;403;3109;3219;6328
04/09/2014;332;397;729;194;223;417;26;24;50;27;25;52;5;32;37;3;13;16;0;0;0;17;5;22;2038;2034;4072;393;367;760;264;206;470;3299;3326;6625
05/09/2014;347;407;754;194;175;369;29;20;49;15;25;40;12;45;57;7;17;24;0;0;0;17;8;25;2245;2649;4894;409;530;939;277;174;451;3552;4050;7602
06/09/2014;238;256;494;136;155;291;28;15;43;10;21;31;4;28;32;5;7;12;0;0;0;10;8;18;1979;3100;5079;469;695;1164;196;158;354;3075;4443;7518
07/09/2014;211;161;372;87;76;163;15;10;25;9;5;14;19;10;29;8;11;19;0;0;0;21;8;29;3508;2348;5856;643;501;1144;182;94;276;4703;3224;7927
08/09/2014;286;390;676;195;214;409;32;21;53;17;19;36;15;18;33;9;6;15;0;0;0;11;1;12;2226;2173;4399;659;406;1065;224;176;400;3674;3424;7098
09/09/2014;315;411;726;256;229;485;26;33;59;9;29;38;22;43;65;5;21;26;1;0;1;10;13;23;1808;2030;3838;437;400;837;257;209;466;3146;3418;6564
10/09/2014;344;354;698;228;222;450;31;29;60;13;35;48;19;49;68;8;17;25;0;0;0;10;18;28;1918;2014;3932;428;418;846;237;189;426;3236;3345;6581
11/09/2014;320;421;741;248;241;489;37;26;63;21;25;46;15;58;73;8;17;25;0;0;0;21;12;33;2014;2029;4043;382;364;746;214;195;409;3280;3388;6668
12/09/2014;349;380;729;204;205;409;34;29;63;13;22;35;15;44;59;5;17;22;0;0;0;9;14;23;2229;2762;4991;428;538;966;258;199;457;3544;4210;7754
13/09/2014;237;262;499;163;166;329;26;23;49;12;17;29;9;24;33;4;19;23;0;0;0;12;12;24;1993;3095;5088;461;653;1114;182;156;338;3099;4427;7526
14/09/2014;243;206;449;90;59;149;21;3;24;23;8;31;13;17;30;13;5;18;0;0;0;15;11;26;3459;2365;5824;677;548;1225;175;84;259;4729;3306;8035
15/09/2014;268;352;620;190;177;367;33;24;57;16;21;37;17;18;35;9;11;20;0;0;0;8;5;13;2393;2154;4547;659;441;1100;208;168;376;3801;3371;7172
16/09/2014;243;323;566;191;187;378;38;33;71;17;29;46;19;40;59;2;15;17;0;0;0;8;14;22;1796;1951;3747;456;406;862;204;163;367;2974;3161;6135
17/09/2014;317;357;674;188;191;379;24;25;49;26;28;54;13;38;51;11;11;22;0;0;0;11;16;27;1856;1913;3769;438;396;834;300;194;494;3184;3169;6353
18/09/2014;287;366;653;206;235;441;26;18;44;18;25;43;15;33;48;11;17;28;0;0;0;23;9;32;1957;1930;3887;396;382;778;233;207;440;3172;3222;6394
19/09/2014;345;383;728;216;195;411;37;36;73;15;16;31;18;49;67;6;17;23;0;0;0;10;16;26;2201;2617;4818;399;501;900;243;197;440;3490;4027;7517
20/09/2014;229;279;508;177;167;344;26;18;44;12;25;37;12;46;58;6;15;21;0;2;2;9;9;18;2039;3015;5054;461;683;1144;204;159;363;3175;4418;7593
21/09/2014;247;208;455;90;68;158;19;9;28;10;7;17;17;19;36;10;6;16;1;0;1;9;7;16;3774;2753;6527;2261;1256;3517;240;121;361;6678;4454;11132
22/09/2014;249;378;627;189;197;386;27;23;50;12;18;30;21;26;47;9;6;15;1;2;3;20;5;25;2220;2196;4416;671;392;1063;232;166;398;3651;3409;7060
23/09/2014;283;345;628;205;239;444;28;29;57;13;20;33;18;59;77;8;12;20;0;1;1;11;11;22;1789;1928;3717;407;388;795;225;173;398;2987;3205;6192
24/09/2014;323;341;664;226;187;413;32;31;63;15;23;38;12;47;59;8;18;26;0;1;1;14;16;30;1774;1948;3722;392;389;781;234;167;401;3030;3168;6198
25/09/2014;304;413;717;228;252;480;32;31;63;24;27;51;16;48;64;13;14;27;0;0;0;9;17;26;1992;1968;3960;370;343;713;249;209;458;3237;3322;6559
26/09/2014;368;364;732;236;243;479;33;20;53;22;30;52;18;46;64;11;17;28;0;1;1;16;16;32;2276;2591;4867;416;534;950;245;212;457;3641;4074;7715
27/09/2014;247;249;496;160;160;320;39;17;56;16;19;35;12;37;49;4;18;22;0;1;1;16;15;31;2125;3090;5215;481;668;1149;178;153;331;3278;4427;7705
28/09/2014;271;223;494;118;73;191;20;5;25;15;13;28;14;12;26;15;3;18;1;0;1;17;3;20;3717;2597;6314;658;515;1173;205;91;296;5051;3535;8586
29/09/2014;274;375;649;189;216;405;53;26;79;13;22;35;13;39;52;8;10;18;0;0;0;12;8;20;2262;2174;4436;597;403;1000;191;163;354;3612;3436;7048
30/09/2014;261;344;605;229;218;447;29;26;55;22;27;49;11;51;62;7;16;23;1;0;1;11;19;30;1787;1976;3763;424;378;802;239;182;421;3021;3237;6258
01/10/2014;313;345;658;192;216;408;35;25;60;17;31;48;11;36;47;9;23;32;1;0;1;9;10;19;1839;1994;3833;424;425;849;273;208;481;3123;3313;6436
02/10/2014;275;412;687;221;252;473;30;29;59;30;22;52;15;37;52;8;12;20;0;1;1;14;14;28;1988;2262;4250;403;380;783;254;186;440;3238;3607;6845
03/10/2014;378;404;782;243;215;458;36;38;74;10;16;26;13;44;57;9;18;27;1;0;1;15;20;35;2284;3855;6139;460;641;1101;222;192;414;3671;5443;9114
04/10/2014;253;256;509;138;138;276;21;9;30;15;16;31;7;30;37;3;11;14;0;2;2;13;10;23;2152;4298;6450;513;1036;1549;190;154;344;3305;5960;9265
05/10/2014;145;130;275;47;30;77;17;8;25;12;11;23;17;6;23;13;4;17;0;0;0;8;7;15;4947;3023;7970;1061;779;1840;146;69;215;6413;4067;10480
06/10/2014;307;401;708;197;206;403;18;28;46;17;15;32;22;30;52;9;10;19;0;0;0;12;8;20;3536;2041;5577;860;387;1247;244;171;415;5222;3297;8519
07/10/2014;288;364;652;205;212;417;23;32;55;16;24;40;12;30;42;8;8;16;0;0;0;9;13;22;2058;1988;4046;482;397;879;226;139;365;3327;3207;6534
08/10/2014;314;345;659;246;217;463;43;33;76;24;30;54;10;48;58;5;12;17;0;1;1;6;18;24;2006;2140;4146;437;409;846;253;166;419;3344;3419;6763
09/10/2014;318;415;733;217;251;468;26;35;61;17;25;42;12;40;52;10;22;32;0;0;0;13;9;22;2063;1885;3948;440;401;841;219;204;423;3335;3287;6622
10/10/2014;359;350;709;228;215;443;36;32;68;27;28;55;20;45;65;19;19;38;0;0;0;20;13;33;2347;2559;4906;469;532;1001;230;179;409;3755;3972;7727
11/10/2014;272;286;558;187;170;357;25;24;49;17;23;40;18;40;58;7;21;28;0;0;0;18;20;38;2183;3199;5382;517;757;1274;214;151;365;3458;4691;8149
12/10/2014;218;194;412;79;58;137;20;7;27;13;7;20;25;15;40;28;9;37;0;0;0;23;10;33;3727;2743;6470;697;478;1175;201;103;304;5031;3624;8655
13/10/2014;276;348;624;200;207;407;35;19;54;13;12;25;20;33;53;12;11;23;0;1;1;14;7;21;2313;2245;4558;602;400;1002;212;156;368;3697;3439;7136
14/10/2014;272;370;642;173;191;364;35;30;65;23;21;44;15;41;56;7;26;33;0;1;1;18;15;33;1782;2118;3900;445;373;818;186;172;358;2956;3358;6314
15/10/2014;282;332;614;216;190;406;34;27;61;25;32;57;11;37;48;22;14;36;0;0;0;14;18;32;1894;2072;3966;425;386;811;225;161;386;3148;3269;6417
16/10/2014;320;423;743;230;257;487;40;27;67;20;22;42;20;31;51;13;21;34;0;0;0;20;13;33;2098;2111;4209;414;413;827;261;200;461;3436;3518;6954
17/10/2014;445;412;857;319;331;650;43;32;75;19;21;40;24;40;64;9;20;29;0;3;3;16;14;30;2475;2829;5304;435;563;998;263;210;473;4048;4475;8523
18/10/2014;303;362;665;189;174;363;32;24;56;12;20;32;15;37;52;7;16;23;0;0;0;7;11;18;2324;3559;5883;525;793;1318;235;189;424;3649;5185;8834
19/10/2014;351;267;618;71;53;124;18;12;30;12;14;26;19;21;40;9;5;14;0;1;1;17;3;20;3989;2873;6862;695;551;1246;229;138;367;5410;3938;9348
20/10/2014;288;368;656;209;203;412;25;20;45;17;15;32;15;35;50;3;9;12;0;1;1;12;6;18;2553;2130;4683;718;413;1131;214;174;388;4054;3374;7428
21/10/2014;280;367;647;202;184;386;29;26;55;18;18;36;19;35;54;7;15;22;0;1;1;5;3;8;1702;1781;3483;428;367;795;203;158;361;2893;2955;5848
22/10/2014;317;361;678;239;207;446;32;24;56;24;17;41;9;36;45;6;16;22;1;1;2;14;14;28;1800;1877;3677;411;393;804;211;155;366;3064;3101;6165
23/10/2014;297;425;722;242;217;459;42;25;67;19;18;37;13;28;41;10;14;24;0;0;0;16;10;26;1790;1936;3726;399;358;757;214;200;414;3042;3231;6273
24/10/2014;312;389;701;208;212;420;29;36;65;17;29;46;13;34;47;9;11;20;0;1;1;10;16;26;2025;2834;4859;423;577;1000;269;166;435;3315;4305;7620
25/10/2014;267;293;560;178;160;338;20;22;42;19;18;37;9;45;54;6;17;23;0;1;1;12;14;26;1870;3424;5294;480;808;1288;219;154;373;3080;4956;8036
26/10/2014;150;116;266;52;36;88;24;5;29;12;10;22;14;14;28;5;6;11;0;0;0;14;6;20;4017;2820;6837;890;716;1606;148;57;205;5326;3786;9112
27/10/2014;233;348;581;198;218;416;23;21;44;15;10;25;10;30;40;6;11;17;0;1;1;11;7;18;2859;1837;4696;757;385;1142;186;148;334;4298;3016;7314
28/10/2014;273;382;655;234;199;433;26;16;42;22;14;36;11;23;34;3;10;13;2;0;2;7;14;21;1789;1887;3676;443;363;806;224;159;383;3034;3067;6101
29/10/2014;309;352;661;239;246;485;26;29;55;25;21;46;17;45;62;7;9;16;0;0;0;18;13;31;1842;1879;3721;416;393;809;239;158;397;3138;3145;6283
30/10/2014;295;395;690;237;214;451;30;21;51;18;24;42;17;33;50;11;18;29;0;0;0;20;17;37;1933;1883;3816;412;385;797;244;157;401;3217;3147;6364
31/10/2014;325;363;688;249;235;484;33;34;67;15;26;41;9;53;62;3;22;25;0;3;3;8;17;25;2283;2769;5052;449;571;1020;232;178;410;3606;4271;7877
01/11/2014;239;258;497;189;162;351;27;12;39;14;19;33;13;28;41;2;9;11;0;0;0;14;21;35;2040;3792;5832;528;780;1308;156;145;301;3222;5226;8448
02/11/2014;173;134;307;87;54;141;22;7;29;8;6;14;19;11;30;6;6;12;0;0;0;24;4;28;4878;3330;8208;816;651;1467;194;94;288;6227;4297;10524
03/11/2014;250;337;587;210;221;431;20;15;35;19;12;31;4;23;27;6;11;17;0;0;0;11;5;16;2444;2036;4480;728;430;1158;239;160;399;3931;3250;7181
04/11/2014;282;363;645;226;216;442;26;24;50;24;13;37;20;41;61;5;10;15;0;1;1;6;15;21;1781;1943;3724;424;383;807;176;129;305;2970;3138;6108
05/11/2014;316;334;650;247;227;474;27;19;46;18;24;42;11;37;48;10;15;25;0;0;0;16;15;31;1856;1959;3815;432;402;834;229;173;402;3162;3205;6367
06/11/2014;276;405;681;261;249;510;23;19;42;21;16;37;16;29;45;9;9;18;0;0;0;11;18;29;1896;1875;3771;408;367;775;227;167;394;3148;3154;6302
07/11/2014;329;359;688;231;198;429;28;36;64;14;23;37;4;23;27;6;10;16;1;0;1;15;10;25;2299;2475;4774;424;546;970;247;176;423;3598;3856;7454
08/11/2014;238;273;511;151;145;296;18;21;39;19;17;36;5;31;36;6;7;13;1;0;1;8;13;21;1896;2715;4611;547;730;1277;214;127;341;3103;4079;7182
09/11/2014;287;241;528;78;58;136;20;6;26;10;13;23;21;11;32;9;7;16;0;0;0;16;4;20;3035;2197;5232;736;559;1295;167;98;265;4379;3194;7573
10/11/2014;255;379;634;217;227;444;25;29;54;16;18;34;14;19;33;12;14;26;0;0;0;14;3;17;2132;2118;4250;636;421;1057;199;163;362;3520;3391;6911
11/11/2014;289;349;638;217;226;443;37;25;62;13;21;34;8;22;30;5;12;17;0;0;0;4;13;17;1763;1955;3718;441;368;809;257;208;465;3034;3199;6233
12/11/2014;322;379;701;244;212;456;34;16;50;17;18;35;13;36;49;7;13;20;0;1;1;9;18;27;1872;1943;3815;414;390;804;233;180;413;3165;3206;6371
13/11/2014;281;409;690;234;219;453;37;25;62;19;30;49;12;29;41;14;16;30;0;0;0;13;13;26;1996;1897;3893;412;363;775;227;181;408;3245;3182;6427
14/11/2014;367;419;786;280;235;515;36;37;73;14;18;32;12;42;54;7;14;21;0;0;0;5;21;26;2467;2841;5308;394;574;968;250;201;451;3832;4402;8234
15/11/2014;219;229;448;164;140;304;28;25;53;13;22;35;16;20;36;5;10;15;0;0;0;13;11;24;2121;3255;5376;490;754;1244;158;131;289;3227;4597;7824
16/11/2014;252;229;481;111;74;185;15;5;20;10;3;13;17;10;27;10;4;14;0;0;0;27;4;31;4031;2659;6690;709;501;1210;191;127;318;5373;3616;8989
17/11/2014;253;378;631;194;196;390;24;29;53;20;18;38;18;18;36;10;12;22;0;1;1;9;14;23;2161;2150;4311;673;399;1072;211;153;364;3573;3368;6941
18/11/2014;279;354;633;184;199;383;30;23;53;18;23;41;8;37;45;10;10;20;0;0;0;9;15;24;1731;1989;3720;395;370;765;228;168;396;2892;3188;6080
19/11/2014;329;375;704;244;218;462;28;27;55;17;12;29;11;31;42;13;10;23;1;0;1;6;17;23;1878;1993;3871;416;387;803;231;156;387;3174;3226;6400
20/11/2014;292;416;708;245;233;478;25;24;49;20;16;36;14;33;47;13;11;24;0;1;1;12;17;29;1928;1875;3803;399;381;780;207;167;374;3155;3174;6329
21/11/2014;337;358;695;218;189;407;21;30;51;27;17;44;20;24;44;5;12;17;0;0;0;14;12;26;2321;2388;4709;423;500;923;244;178;422;3630;3708;7338
22/11/2014;242;252;494;161;154;315;29;14;43;13;12;25;12;27;39;3;6;9;0;0;0;15;14;29;2094;2787;4881;496;670;1166;200;121;321;3265;4057;7322
23/11/2014;225;189;414;78;58;136;9;6;15;13;8;21;10;18;28;5;6;11;1;0;1;26;5;31;2950;2286;5236;587;480;1067;172;82;254;4076;3138;7214
24/11/2014;240;365;605;203;218;421;29;16;45;17;16;33;17;28;45;6;10;16;0;0;0;15;7;22;2000;2008;4008;681;405;1086;187;136;323;3395;3209;6604
25/11/2014;249;310;559;220;210;430;29;21;50;20;16;36;16;39;55;6;3;9;0;0;0;9;18;27;1729;1883;3612;404;355;759;199;148;347;2881;3003;5884
26/11/2014;314;323;637;193;215;408;29;26;55;18;25;43;23;38;61;7;14;21;1;1;2;16;17;33;1858;1905;3763;388;364;752;233;158;391;3080;3086;6166
27/11/2014;280;342;622;213;244;457;32;25;57;13;35;48;18;39;57;7;11;18;0;1;1;7;10;17;1867;2030;3897;376;398;774;230;171;401;3043;3306;6349
28/11/2014;343;357;700;242;216;458;37;28;65;22;16;38;15;46;61;7;14;21;0;0;0;9;17;26;2372;2479;4851;447;531;978;224;150;374;3718;3854;7572
29/11/2014;245;246;491;153;158;311;29;17;46;29;18;47;14;38;52;12;12;24;0;0;0;7;13;20;2117;2896;5013;542;756;1298;194;164;358;3342;4318;7660
30/11/2014;227;192;419;88;35;123;20;8;28;6;11;17;15;16;31;10;8;18;1;0;1;14;8;22;3267;2441;5708;673;490;1163;174;86;260;4495;3295;7790
01/12/2014;287;370;657;168;181;349;23;18;41;21;9;30;15;25;40;7;4;11;0;0;0;6;9;15;2161;2064;4225;669;429;1098;175;140;315;3532;3249;6781
02/12/2014;273;336;609;214;219;433;25;16;41;17;15;32;17;37;54;5;9;14;0;0;0;8;10;18;1758;1968;3726;443;403;846;188;131;319;2948;3144;6092
03/12/2014;316;370;686;232;218;450;32;33;65;20;28;48;9;43;52;8;8;16;0;0;0;18;17;35;1886;1968;3854;446;423;869;236;152;388;3203;3260;6463
04/12/2014;305;421;726;216;248;464;29;24;53;15;26;41;8;35;43;7;14;21;0;0;0;10;15;25;2076;2157;4233;422;380;802;261;165;426;3349;3485;6834
05/12/2014;351;388;739;230;229;459;32;27;59;13;20;33;12;28;40;9;9;18;0;1;1;4;13;17;2400;2531;4931;452;558;1010;267;180;447;3770;3984;7754
06/12/2014;264;257;521;171;175;346;29;24;53;23;13;36;4;35;39;5;14;19;0;0;0;13;5;18;2229;2974;5203;484;736;1220;207;129;336;3429;4362;7791
07/12/2014;221;215;436;73;48;121;11;11;22;15;6;21;18;13;31;7;8;15;0;0;0;13;7;20;3299;2656;5955;746;590;1336;192;94;286;4595;3648;8243
08/12/2014;325;416;741;195;201;396;33;28;61;30;16;46;22;29;51;12;15;27;0;0;0;10;10;20;2244;2180;4424;677;435;1112;219;183;402;3767;3513;7280
09/12/2014;309;370;679;197;223;420;30;35;65;22;19;41;15;43;58;8;14;22;0;1;1;8;14;22;1884;2069;3953;425;369;794;231;153;384;3129;3310;6439
10/12/2014;319;341;660;211;223;434;26;34;60;20;24;44;15;31;46;6;15;21;1;2;3;4;8;12;2054;2119;4173;404;412;816;282;170;452;3342;3379;6721
11/12/2014;316;414;730;239;272;511;36;26;62;21;23;44;14;37;51;10;14;24;0;0;0;16;4;20;2154;2178;4332;421;387;808;232;164;396;3459;3519;6978
12/12/2014;343;377;720;247;227;474;34;38;72;21;21;42;20;43;63;2;13;15;0;0;0;18;9;27;2373;2622;4995;453;522;975;250;188;438;3761;4060;7821
13/12/2014;276;295;571;159;131;290;35;17;52;18;24;42;11;37;48;1;11;12;0;1;1;13;9;22;2302;3170;5472;512;747;1259;202;141;343;3529;4583;8112
14/12/2014;286;252;538;86;62;148;23;9;32;14;8;22;14;19;33;9;4;13;0;0;0;7;4;11;3436;2738;6174;640;549;1189;174;104;278;4689;3749;8438
15/12/2014;298;389;687;206;197;403;23;27;50;11;10;21;20;26;46;11;6;17;0;0;0;11;5;16;2333;2262;4595;681;442;1123;211;130;341;3805;3494;7299
16/12/2014;328;381;709;191;241;432;33;23;56;18;18;36;22;29;51;12;11;23;0;0;0;11;7;18;2074;2281;4355;444;415;859;236;142;378;3369;3548;6917
17/12/2014;346;382;728;252;221;473;28;31;59;26;24;50;13;35;48;5;18;23;1;0;1;5;6;11;2166;2259;4425;437;433;870;255;132;387;3534;3541;7075
18/12/2014;317;423;740;267;252;519;42;33;75;23;20;43;18;44;62;9;11;20;0;0;0;22;9;31;2261;2332;4593;414;418;832;232;161;393;3605;3703;7308
19/12/2014;384;410;794;250;224;474;26;31;57;23;18;41;21;43;64;5;9;14;0;1;1;12;9;21;2462;2821;5283;460;528;988;234;162;396;3877;4256;8133
20/12/2014;295;323;618;193;171;364;18;15;33;12;15;27;22;29;51;6;6;12;0;0;0;18;21;39;2494;3467;5961;489;704;1193;191;167;358;3738;4918;8656
21/12/2014;318;237;555;116;96;212;18;8;26;18;11;29;12;18;30;8;5;13;0;0;0;9;6;15;3626;2998;6624;649;558;1207;195;119;314;4969;4056;9025
22/12/2014;316;396;712;190;210;400;39;27;66;13;11;24;12;17;29;7;10;17;0;0;0;17;1;18;2683;2701;5384;594;433;1027;207;155;362;4078;3961;8039
23/12/2014;354;405;759;249;270;519;30;31;61;20;18;38;15;25;40;3;6;9;0;0;0;9;8;17;2713;3640;6353;437;504;941;239;182;421;4069;5089;9158
24/12/2014;319;442;761;190;184;374;28;25;53;16;17;33;10;24;34;3;10;13;0;0;0;9;1;10;2766;5183;7949;484;945;1429;196;161;357;4021;6992;11013
25/12/2014;313;133;446;44;40;84;6;8;14;9;6;15;9;10;19;2;2;4;0;0;0;5;1;6;3201;2493;5694;550;453;1003;125;70;195;4264;3216;7480
26/12/2014;257;339;596;170;192;362;19;17;36;13;12;25;7;22;29;0;5;5;0;0;0;2;6;8;3173;2902;6075;671;467;1138;212;151;363;4524;4113;8637
27/12/2014;224;244;468;134;128;262;18;19;37;11;11;22;7;23;30;3;9;12;0;0;0;6;10;16;2779;3024;5803;571;659;1230;177;139;316;3930;4266;8196
28/12/2014;202;187;389;74;45;119;11;4;15;12;0;12;7;17;24;2;1;3;0;0;0;9;1;10;4312;2607;6919;569;421;990;149;86;235;5347;3369;8716
29/12/2014;306;373;679;186;188;374;25;18;43;18;10;28;7;26;33;3;4;7;0;0;0;3;6;9;3136;2528;5664;590;420;1010;228;141;369;4502;3714;8216
30/12/2014;354;334;688;233;202;435;24;25;49;15;17;32;14;29;43;3;8;11;0;0;0;12;16;28;2918;3239;6157;474;561;1035;249;153;402;4296;4584;8880
31/12/2014;228;202;430;132;143;275;19;10;29;11;10;21;3;13;16;3;7;10;0;0;0;11;10;21;2925;4878;7803;545;1061;1606;210;147;357;4087;6481;10568
01/01/2015;109;105;214;34;23;57;5;4;9;2;4;6;4;6;10;1;1;2;0;0;0;1;7;8;2803;2360;5163;608;428;1036;82;68;150;3649;3006;6655
02/01/2015;172;235;407;153;127;280;22;13;35;12;15;27;7;27;34;1;8;9;1;0;1;2;2;4;3330;2794;6124;647;455;1102;155;126;281;4502;3802;8304
03/01/2015;184;169;353;91;114;205;14;16;30;3;8;11;9;9;18;1;2;3;0;0;0;1;6;7;2917;2901;5818;502;404;906;142;143;285;3864;3772;7636
04/01/2015;159;139;298;75;41;116;14;11;25;5;2;7;9;17;26;2;5;7;0;0;0;4;3;7;4929;2913;7842;696;418;1114;186;98;284;6079;3647;9726
05/01/2015;253;373;626;190;184;374;22;14;36;17;16;33;4;30;34;6;2;8;0;1;1;16;9;25;2695;2407;5102;690;423;1113;180;149;329;4073;3608;7681
06/01/2015;276;327;603;192;195;387;24;23;47;13;15;28;12;25;37;0;9;9;0;0;0;3;12;15;2181;2338;4519;456;403;859;177;122;299;3334;3469;6803
07/01/2015;295;280;575;214;197;411;21;23;44;15;18;33;8;36;44;5;12;17;0;0;0;7;10;17;2300;2220;4520;403;353;756;218;144;362;3486;3293;6779
08/01/2015;280;369;649;239;235;474;22;18;40;9;25;34;11;30;41;7;9;16;1;2;3;13;7;20;2321;2236;4557;421;420;841;192;133;325;3516;3484;7000
09/01/2015;286;312;598;216;210;426;29;21;50;25;13;38;17;46;63;9;9;18;1;0;1;12;9;21;2667;2823;5490;485;537;1022;190;154;344;3937;4134;8071
10/01/2015;238;262;500;152;161;313;23;14;37;13;24;37;8;31;39;7;7;14;0;0;0;9;9;18;2301;3073;5374;515;634;1149;143;103;246;3409;4318;7727
11/01/2015;211;154;365;84;56;140;22;5;27;10;5;15;20;7;27;11;6;17;0;0;0;11;5;16;3514;2741;6255;595;474;1069;164;99;263;4642;3552;8194
12/01/2015;238;351;589;183;209;392;25;25;50;14;11;25;11;33;44;5;5;10;0;2;2;5;2;7;2378;2453;4831;652;438;1090;191;139;330;3702;3668;7370
13/01/2015;268;316;584;195;202;397;28;18;46;20;27;47;23;42;65;6;11;17;0;1;1;9;4;13;2125;2364;4489;444;424;868;195;155;350;3313;3564;6877
14/01/2015;320;338;658;217;218;435;26;19;45;4;19;23;15;28;43;8;10;18;0;0;0;11;11;22;2199;2215;4414;435;419;854;207;127;334;3442;3404;6846
15/01/2015;321;384;705;257;239;496;26;23;49;15;14;29;20;23;43;11;10;21;1;0;1;19;5;24;2327;2292;4619;419;370;789;221;164;385;3637;3524;7161
16/01/2015;310;344;654;240;219;459;27;26;53;18;20;38;14;34;48;4;10;14;2;0;2;8;7;15;2547;2945;5492;470;609;1079;222;138;360;3862;4352;8214
17/01/2015;248;242;490;152;160;312;35;15;50;20;15;35;16;36;52;11;11;22;0;0;0;18;13;31;2337;3121;5458;503;719;1222;175;117;292;3515;4449;7964
18/01/2015;190;143;333;62;39;101;11;8;19;12;10;22;12;11;23;7;6;13;0;0;0;10;2;12;3760;2801;6561;691;514;1205;174;100;274;4929;3634;8563
19/01/2015;248;338;586;200;221;421;25;21;46;7;10;17;15;26;41;11;11;22;0;0;0;17;0;17;2412;2534;4946;683;444;1127;191;127;318;3809;3732;7541
20/01/2015;292;354;646;219;234;453;31;20;51;23;19;42;24;34;58;7;10;17;0;0;0;10;5;15;1995;2213;4208;459;398;857;185;146;331;3245;3433;6678
21/01/2015;290;307;597;231;222;453;30;19;49;13;21;34;16;33;49;4;19;23;0;0;0;9;12;21;2084;2076;4160;411;371;782;230;144;374;3318;3224;6542
22/01/2015;304;394;698;214;210;424;33;26;59;24;21;45;18;36;54;6;12;18;0;0;0;11;7;18;2092;2094;4186;407;386;793;208;150;358;3317;3336;6653
23/01/2015;298;357;655;220;180;400;27;26;53;21;23;44;18;33;51;12;11;23;0;0;0;16;4;20;2509;2702;5211;411;515;926;219;124;343;3751;3975;7726
24/01/2015;238;220;458;133;140;273;29;19;48;5;19;24;10;33;43;3;10;13;0;0;0;20;10;30;2222;2929;5151;491;660;1151;187;123;310;3338;4163;7501
25/01/2015;166;113;279;72;50;122;15;4;19;11;8;19;20;10;30;4;3;7;0;0;0;19;10;29;3392;2570;5962;657;488;1145;167;69;236;4523;3325;7848
26/01/2015;253;352;605;194;235;429;21;28;49;14;11;25;27;30;57;10;5;15;0;1;1;11;6;17;2239;2207;4446;637;393;1030;199;142;341;3605;3410;7015
27/01/2015;304;343;647;193;191;384;20;28;48;14;14;28;18;40;58;2;17;19;1;1;2;14;3;17;1822;2040;3862;414;390;804;154;139;293;2956;3206;6162
28/01/2015;336;358;694;220;179;399;34;27;61;18;20;38;8;33;41;8;16;24;0;0;0;12;25;37;1967;1990;3957;409;364;773;193;148;341;3205;3160;6365
29/01/2015;308;383;691;218;239;457;26;18;44;19;24;43;18;38;56;8;10;18;0;0;0;20;20;40;2015;1936;3951;391;380;771;198;148;346;3221;3196;6417
30/01/2015;312;339;651;202;204;406;26;29;55;23;18;41;17;47;64;12;19;31;0;1;1;9;21;30;2429;2583;5012;450;538;988;202;136;338;3682;3935;7617
31/01/2015;226;267;493;176;147;323;20;23;43;18;18;36;10;32;42;5;11;16;0;0;0;12;22;34;2221;2935;5156;516;716;1232;161;124;285;3365;4295;7660
01/02/2015;158;115;273;58;47;105;16;3;19;7;4;11;22;19;41;5;3;8;1;1;2;22;5;27;3317;2517;5834;648;453;1101;163;92;255;4417;3259;7676
02/02/2015;269;353;622;176;199;375;22;16;38;11;14;25;15;16;31;9;9;18;0;0;0;10;5;15;2123;2213;4336;657;414;1071;208;163;371;3500;3402;6902
03/02/2015;288;335;623;193;187;380;30;34;64;21;12;33;28;44;72;13;18;31;0;0;0;18;22;40;1834;2076;3910;425;369;794;189;167;356;3039;3264;6303
04/02/2015;349;341;690;241;197;438;20;19;39;11;16;27;13;39;52;13;6;19;0;1;1;16;10;26;1930;1911;3841;412;376;788;250;151;401;3255;3067;6322
05/02/2015;282;396;678;236;223;459;30;22;52;24;15;39;15;45;60;12;14;26;0;0;0;18;18;36;1946;1903;3849;392;398;790;220;149;369;3175;3183;6358
06/02/2015;313;339;652;235;197;432;30;30;60;30;23;53;11;63;74;8;10;18;0;0;0;27;21;48;2301;2311;4612;447;554;1001;200;148;348;3602;3696;7298
07/02/2015;234;254;488;163;138;301;29;14;43;17;20;37;12;30;42;3;15;18;0;0;0;13;14;27;2009;2620;4629;519;673;1192;161;126;287;3160;3904;7064
08/02/2015;166;117;283;72;51;123;12;7;19;11;5;16;10;6;16;7;9;16;0;1;1;19;9;28;2785;2189;4974;638;502;1140;156;63;219;3876;2959;6835
09/02/2015;299;380;679;196;229;425;29;23;52;20;13;33;18;23;41;13;10;23;1;1;2;18;16;34;1972;2061;4033;600;402;1002;193;139;332;3359;3297;6656
10/02/2015;281;355;636;233;201;434;23;27;50;15;21;36;25;34;59;14;10;24;0;0;0;28;13;41;1736;2007;3743;423;340;763;168;138;306;2946;3146;6092
11/02/2015;377;365;742;198;196;394;21;24;45;22;19;41;12;49;61;6;21;27;0;3;3;15;14;29;1933;1977;3910;357;343;700;234;160;394;3175;3171;6346
12/02/2015;375;453;828;233;244;477;26;33;59;24;13;37;19;37;56;7;16;23;0;0;0;16;24;40;2081;2178;4259;385;369;754;214;172;386;3380;3539;6919
13/02/2015;396;412;808;243;229;472;24;21;45;15;17;32;13;33;46;6;14;20;0;0;0;11;7;18;2588;3871;6459;442;643;1085;247;197;444;3985;5444;9429
14/02/2015;281;272;553;130;148;278;17;23;40;9;23;32;15;25;40;3;12;15;0;1;1;8;30;38;2643;6381;9024;442;1031;1473;174;183;357;3722;8129;11851
15/02/2015;117;95;212;43;33;76;11;4;15;9;6;15;5;9;14;4;1;5;0;0;0;13;9;22;2060;2949;5009;483;622;1105;103;70;173;2848;3798;6646
16/02/2015;124;176;300;79;90;169;16;14;30;6;6;12;7;10;17;4;1;5;0;0;0;11;6;17;2442;2065;4507;504;466;970;111;61;172;3304;2895;6199
17/02/2015;99;124;223;63;42;105;11;1;12;3;2;5;5;8;13;1;1;2;1;0;1;5;6;11;4113;1903;6016;710;325;1035;112;65;177;5123;2477;7600
18/02/2015;259;262;521;141;127;268;17;12;29;13;16;29;13;25;38;4;8;12;0;0;0;6;3;9;4970;2109;7079;778;299;1077;214;115;329;6415;2976;9391
19/02/2015;294;388;682;209;229;438;25;16;41;26;11;37;15;30;45;7;5;12;0;0;0;11;19;30;2073;1834;3907;571;388;959;205;153;358;3436;3073;6509
20/02/2015;291;349;640;206;205;411;36;29;65;16;27;43;14;44;58;5;10;15;1;0;1;11;11;22;1892;2023;3915;385;390;775;229;164;393;3086;3252;6338
21/02/2015;191;230;421;139;160;299;33;14;47;15;20;35;9;34;43;3;15;18;0;0;0;5;8;13;1856;2275;4131;428;531;959;174;121;295;2853;3408;6261
22/02/2015;162;111;273;68;45;113;12;8;20;7;4;11;21;20;41;2;6;8;0;0;0;3;15;18;2545;2079;4624;524;395;919;116;60;176;3460;2743;6203
23/02/2015;245;337;582;157;212;369;23;27;50;11;17;28;16;21;37;4;4;8;0;0;0;8;2;10;1955;2057;4012;572;338;910;234;160;394;3225;3175;6400
24/02/2015;252;328;580;182;273;455;26;23;49;16;24;40;15;30;45;4;8;12;0;0;0;5;5;10;1681;1828;3509;379;339;718;265;165;430;2825;3023;5848
25/02/2015;292;305;597;180;233;413;21;28;49;14;21;35;11;28;39;1;6;7;0;0;0;8;4;12;1769;1839;3608;326;301;627;292;148;440;2914;2913;5827
26/02/2015;273;388;661;239;257;496;20;24;44;23;17;40;10;40;50;8;9;17;0;0;0;10;31;41;1878;1800;3678;414;384;798;189;151;340;3064;3101;6165
27/02/2015;293;339;632;262;235;497;27;30;57;26;13;39;6;29;35;4;10;14;0;0;0;13;12;25;2268;2347;4615;401;483;884;202;161;363;3502;3659;7161
28/02/2015;200;202;402;143;137;280;19;16;35;11;19;30;4;28;32;3;13;16;0;1;1;10;10;20;1948;2787;4735;475;668;1143;183;133;316;2996;4014;7010
01/03/2015;155;110;265;52;32;84;19;12;31;7;12;19;13;17;30;6;4;10;0;0;0;13;11;24;3269;2508;5777;828;669;1497;172;69;241;4534;3444;7978
02/03/2015;234;336;570;213;241;454;18;31;49;17;16;33;14;21;35;6;7;13;2;0;2;12;5;17;1951;1953;3904;635;384;1019;203;141;344;3305;3135;6440
03/03/2015;228;297;525;181;209;390;20;29;49;13;24;37;14;42;56;7;15;22;0;0;0;13;13;26;1785;1924;3709;446;395;841;179;125;304;2886;3073;5959
04/03/2015;272;319;591;226;169;395;29;28;57;20;24;44;14;40;54;8;14;22;0;2;2;11;36;47;1840;1900;3740;422;382;804;189;120;309;3031;3034;6065
05/03/2015;275;376;651;181;208;389;30;40;70;17;17;34;16;23;39;1;8;9;2;1;3;10;5;15;1856;1912;3768;435;396;831;255;164;419;3078;3150;6228
06/03/2015;258;306;564;198;198;396;30;26;56;14;17;31;9;40;49;9;16;25;0;0;0;7;2;9;2255;2536;4791;412;512;924;230;149;379;3422;3802;7224
07/03/2015;183;201;384;123;117;240;12;15;27;9;13;22;9;27;36;4;11;15;0;1;1;5;13;18;2146;3017;5163;487;711;1198;176;133;309;3154;4259;7413
08/03/2015;154;105;259;64;43;107;11;12;23;11;4;15;9;8;17;5;2;7;1;0;1;8;1;9;3506;2528;6034;586;423;1009;179;78;257;4534;3204;7738
09/03/2015;223;315;538;142;191;333;10;24;34;13;12;25;14;17;31;3;6;9;1;0;1;10;3;13;2058;2045;4103;609;380;989;186;150;336;3269;3143;6412
10/03/2015;238;261;499;133;184;317;19;27;46;14;20;34;9;23;32;3;9;12;0;0;0;5;3;8;1661;1879;3540;386;332;718;222;141;363;2690;2879;5569
11/03/2015;275;286;561;203;198;401;26;19;45;18;22;40;15;34;49;7;11;18;0;0;0;6;9;15;1766;1881;3647;441;426;867;207;125;332;2964;3011;5975
12/03/2015;247;328;575;209;240;449;31;25;56;18;17;35;15;30;45;3;19;22;0;0;0;8;7;15;1852;1793;3645;432;392;824;173;118;291;2988;2969;5957
13/03/2015;273;310;583;193;200;393;27;31;58;14;24;38;11;26;37;7;13;20;0;0;0;9;12;21;2269;2350;4619;454;525;979;201;138;339;3458;3629;7087
14/03/2015;205;198;403;158;105;263;15;21;36;17;11;28;8;19;27;1;10;11;0;0;0;6;13;19;1945;2650;4595;515;700;1215;129;104;233;2999;3831;6830
15/03/2015;134;107;241;58;51;109;12;8;20;8;8;16;24;12;36;5;4;9;0;0;0;12;10;22;3164;2493;5657;957;781;1738;129;74;203;4503;3548;8051
16/03/2015;231;345;576;169;194;363;16;31;47;13;10;23;18;22;40;5;5;10;2;0;2;13;4;17;1965;2001;3966;696;415;1111;176;141;317;3304;3168;6472
17/03/2015;230;298;528;178;184;362;15;31;46;14;27;41;15;38;53;4;15;19;0;0;0;14;9;23;1679;1856;3535;451;393;844;209;137;346;2809;2988;5797
18/03/2015;320;348;668;204;205;409;17;24;41;20;25;45;19;30;49;5;5;10;0;1;1;10;12;22;1952;2212;4164;387;467;854;198;150;348;3132;3479;6611
19/03/2015;197;224;421;93;104;197;22;18;40;6;11;17;17;27;44;6;4;10;0;0;0;9;1;10;2101;2328;4429;593;591;1184;120;104;224;3164;3412;6576
20/03/2015;278;318;596;217;207;424;25;27;52;23;22;45;8;29;37;5;17;22;0;0;0;12;7;19;2063;2229;4292;490;496;986;169;152;321;3290;3504;6794
21/03/2015;174;187;361;142;134;276;14;17;31;11;14;25;15;23;38;1;8;9;0;0;0;7;5;12;1864;2333;4197;475;609;1084;174;97;271;2877;3427;6304
22/03/2015;148;116;264;84;55;139;15;6;21;6;7;13;9;13;22;2;1;3;0;0;0;10;3;13;3542;2632;6174;846;691;1537;125;83;208;4787;3607;8394
23/03/2015;234;301;535;152;185;337;15;19;34;26;21;47;14;17;31;9;3;12;0;0;0;13;2;15;1909;1902;3811;583;370;953;164;136;300;3119;2956;6075
24/03/2015;224;259;483;153;180;333;30;29;59;23;19;42;10;40;50;3;13;16;0;0;0;9;9;18;1639;1931;3570;426;405;831;136;133;269;2653;3018;5671
25/03/2015;208;180;388;100;90;190;23;12;35;14;11;25;20;25;45;5;6;11;0;0;0;15;10;25;1968;1941;3909;639;546;1185;119;63;182;3111;2884;5995
26/03/2015;251;320;571;181;195;376;14;20;34;13;15;28;13;34;47;7;9;16;0;0;0;13;3;16;1809;1764;3573;453;375;828;132;134;266;2886;2869;5755
27/03/2015;281;291;572;199;176;375;29;25;54;24;17;41;19;30;49;3;12;15;0;0;0;7;16;23;2094;2142;4236;400;485;885;168;140;308;3224;3334;6558
28/03/2015;209;213;422;144;130;274;20;18;38;12;19;31;12;35;47;3;7;10;0;0;0;6;5;11;1821;2379;4200;530;647;1177;119;105;224;2876;3558;6434
29/03/2015;190;160;350;67;41;108;22;15;37;12;4;16;20;15;35;8;5;13;0;0;0;10;5;15;2963;2562;5525;836;730;1566;146;86;232;4274;3623;7897
30/03/2015;220;304;524;180;197;377;10;23;33;27;12;39;21;20;41;3;6;9;1;1;2;8;2;10;1862;1934;3796;633;432;1065;149;132;281;3114;3063;6177
31/03/2015;268;288;556;164;161;325;27;32;59;15;16;31;23;40;63;4;16;20;0;0;0;11;5;16;1684;1927;3611;405;394;799;146;128;274;2747;3007;5754
01/04/2015;304;332;636;143;170;313;27;29;56;21;18;39;9;35;44;5;7;12;0;0;0;12;8;20;2235;2944;5179;455;505;960;189;169;358;3400;4217;7617
02/04/2015;306;266;572;155;166;321;23;17;40;13;10;23;8;23;31;1;3;4;0;0;0;9;10;19;2580;7181;9761;486;980;1466;151;188;339;3732;8844;12576
03/04/2015;133;98;231;46;29;75;17;16;33;7;4;11;8;14;22;6;7;13;0;0;0;0;6;6;2427;5346;7773;615;1000;1615;68;90;158;3327;6610;9937
04/04/2015;109;120;229;59;71;130;12;15;27;5;6;11;11;13;24;2;1;3;0;0;0;8;8;16;2551;2454;5005;732;712;1444;67;70;137;3556;3470;7026
05/04/2015;202;156;358;91;33;124;13;7;20;4;5;9;11;16;27;9;4;13;0;0;0;10;2;12;10207;2937;13144;1433;752;2185;227;103;330;12207;4015;16222
06/04/2015;272;305;577;150;158;308;17;27;44;21;9;30;17;21;38;8;5;13;0;0;0;13;5;18;2901;2055;4956;866;473;1339;152;146;298;4417;3204;7621
07/04/2015;265;282;547;162;177;339;21;32;53;17;14;31;18;41;59;5;18;23;0;1;1;13;15;28;1784;1807;3591;472;415;887;129;135;264;2886;2937;5823
08/04/2015;295;277;572;152;160;312;23;26;49;24;17;41;19;35;54;4;7;11;0;0;0;13;8;21;1856;1846;3702;423;404;827;153;126;279;2962;2906;5868
09/04/2015;241;293;534;154;170;324;17;24;41;8;14;22;6;35;41;9;14;23;0;0;0;11;11;22;1851;1805;3656;429;393;822;133;131;264;2859;2890;5749
10/04/2015;280;242;522;158;148;306;28;18;46;20;21;41;16;43;59;7;8;15;0;0;0;15;22;37;2116;2169;4285;457;526;983;151;125;276;3248;3322;6570
11/04/2015;185;180;365;106;101;207;17;24;41;11;14;25;11;28;39;7;10;17;0;0;0;9;8;17;1987;2530;4517;539;691;1230;108;121;229;2980;3707;6687
12/04/2015;154;117;271;55;39;94;13;8;21;9;9;18;14;14;28;3;1;4;0;0;0;15;6;21;2879;2481;5360;839;670;1509;141;69;210;4122;3414;7536
13/04/2015;209;286;495;138;149;287;16;15;31;21;11;32;25;19;44;13;4;17;0;0;0;15;1;16;1828;1788;3616;557;301;858;119;125;244;2941;2699;5640
14/04/2015;224;234;458;143;149;292;16;23;39;22;18;40;17;25;42;12;9;21;0;1;1;15;5;20;1613;1779;3392;359;349;708;140;147;287;2561;2739;5300
15/04/2015;273;243;516;194;190;384;19;32;51;20;16;36;25;40;65;8;22;30;0;1;1;16;3;19;1699;1740;3439;438;422;860;133;119;252;2825;2828;5653
16/04/2015;263;335;598;184;206;390;32;34;66;15;16;31;28;40;68;13;15;28;0;1;1;20;13;33;1821;1769;3590;451;436;887;129;108;237;2956;2973;5929
17/04/2015;311;306;617;188;160;348;21;26;47;18;17;35;23;31;54;9;19;28;0;0;0;14;9;23;2237;2385;4622;422;574;996;136;140;276;3379;3667;7046
18/04/2015;207;188;395;147;110;257;22;15;37;13;20;33;7;34;41;5;11;16;0;0;0;8;5;13;1962;2817;4779;563;732;1295;105;96;201;3039;4028;7067
19/04/2015;137;108;245;76;41;117;16;6;22;11;7;18;11;11;22;8;3;11;1;0;1;12;4;16;3056;2477;5533;838;691;1529;111;82;193;4277;3430;7707
20/04/2015;243;307;550;191;217;408;18;31;49;14;11;25;18;22;40;7;6;13;0;0;0;7;4;11;2005;1958;3963;650;463;1113;113;106;219;3266;3125;6391
21/04/2015;151;197;348;148;102;250;16;16;32;18;8;26;19;26;45;6;6;12;0;0;0;12;12;24;2636;2356;4992;754;618;1372;97;78;175;3857;3419;7276
22/04/2015;340;361;701;255;179;434;19;22;41;13;13;26;28;19;47;8;9;17;0;0;0;18;3;21;1808;1988;3796;548;430;978;133;123;256;3170;3147;6317
23/04/2015;315;386;701;192;194;386;17;27;44;26;21;47;16;41;57;11;6;17;0;0;0;26;7;33;1672;1708;3380;376;354;730;104;148;252;2755;2892;5647
24/04/2015;312;295;607;192;170;362;23;21;44;18;19;37;17;21;38;7;8;15;0;0;0;4;2;6;1883;2115;3998;370;453;823;112;179;291;2938;3283;6221
25/04/2015;183;177;360;127;103;230;18;24;42;17;16;33;8;26;34;7;8;15;0;1;1;21;7;28;1770;2345;4115;468;646;1114;84;115;199;2703;3468;6171
26/04/2015;145;106;251;65;35;100;15;9;24;14;5;19;17;13;30;8;3;11;0;0;0;26;5;31;2875;2248;5123;775;645;1420;88;61;149;4028;3130;7158
27/04/2015;253;324;577;185;197;382;17;25;42;13;9;22;19;26;45;8;9;17;0;0;0;19;5;24;1902;1898;3800;687;441;1128;98;103;201;3201;3037;6238
28/04/2015;270;322;592;169;178;347;29;22;51;16;18;34;19;38;57;11;21;32;0;1;1;19;5;24;1585;1804;3389;449;440;889;94;119;213;2661;2968;5629
29/04/2015;360;304;664;200;176;376;30;40;70;23;15;38;25;35;60;7;7;14;0;0;0;14;4;18;1857;1756;3613;455;404;859;122;131;253;3093;2872;5965
30/04/2015;334;382;716;234;225;459;20;31;51;19;18;37;20;30;50;15;17;32;0;0;0;29;8;37;2276;2897;5173;482;621;1103;139;188;327;3568;4417;7985
01/05/2015;194;173;367;87;80;167;20;20;40;9;11;20;19;14;33;4;14;18;0;0;0;15;6;21;2594;4528;7122;680;952;1632;91;140;231;3713;5938;9651
02/05/2015;173;177;350;109;82;191;17;18;35;11;9;20;20;10;30;7;11;18;0;0;0;15;3;18;2030;2276;4306;621;701;1322;79;97;176;3082;3384;6466
03/05/2015;175;143;318;75;43;118;17;6;23;10;8;18;21;15;36;7;4;11;0;0;0;16;2;18;5145;2520;7665;968;658;1626;127;75;202;6561;3474;10035
04/05/2015;257;323;580;155;150;305;21;19;40;15;12;27;27;22;49;8;9;17;0;0;0;15;4;19;2143;2030;4173;736;485;1221;124;127;251;3501;3181;6682
05/05/2015;237;301;538;206;184;390;26;29;55;15;19;34;26;40;66;5;13;18;0;0;0;15;6;21;1704;1862;3566;474;435;909;100;111;211;2808;3000;5808
06/05/2015;346;347;693;219;160;379;32;28;60;13;24;37;15;29;44;9;15;24;0;0;0;21;9;30;1809;1889;3698;463;429;892;124;109;233;3051;3039;6090
07/05/2015;346;466;812;269;201;470;27;33;60;27;18;45;25;39;64;9;11;20;0;0;0;22;7;29;1956;1958;3914;443;432;875;114;147;261;3238;3312;6550
08/05/2015;364;376;740;185;150;335;28;20;48;14;17;31;20;38;58;14;7;21;0;0;0;15;7;22;2210;2648;4858;491;666;1157;129;150;279;3470;4079;7549
09/05/2015;236;219;455;130;132;262;20;17;37;14;8;22;13;30;43;9;6;15;0;0;0;13;6;19;2279;3806;6085;551;967;1518;116;145;261;3381;5336;8717
10/05/2015;160;115;275;62;32;94;16;7;23;4;3;7;26;2;28;12;4;16;1;1;2;22;9;31;4349;3041;7390;991;762;1753;116;79;195;5759;4055;9814
11/05/2015;321;376;697;179;193;372;19;21;40;22;12;34;33;33;66;12;6;18;0;0;0;29;2;31;2425;2181;4606;827;456;1283;118;130;248;3985;3410;7395
12/05/2015;278;324;602;176;156;332;28;37;65;9;18;27;25;37;62;8;20;28;0;0;0;12;4;16;1749;1955;3704;486;475;961;93;109;202;2864;3135;5999
13/05/2015;343;322;665;176;170;346;20;20;40;17;21;38;21;41;62;14;14;28;0;0;0;17;8;25;1850;1892;3742;497;440;937;141;138;279;3096;3066;6162
14/05/2015;347;386;733;191;195;386;25;25;50;17;16;33;29;37;66;15;15;30;0;0;0;24;15;39;1883;1878;3761;419;410;829;128;149;277;3078;3126;6204
15/05/2015;354;320;674;175;162;337;22;29;51;18;19;37;18;33;51;9;14;23;0;1;1;22;4;26;2199;2362;4561;481;619;1100;122;166;288;3420;3729;7149
16/05/2015;217;204;421;129;112;241;20;17;37;11;20;31;19;31;50;4;15;19;0;0;0;11;10;21;1960;2915;4875;565;815;1380;103;116;219;3039;4255;7294
17/05/2015;192;125;317;83;35;118;20;4;24;6;7;13;15;14;29;11;7;18;0;0;0;21;5;26;3583;2666;6249;844;675;1519;121;93;214;4896;3631;8527
18/05/2015;298;358;656;142;193;335;23;24;47;18;10;28;19;27;46;7;4;11;0;0;0;14;7;21;2064;2051;4115;765;473;1238;115;104;219;3465;3251;6716
19/05/2015;285;325;610;182;162;344;28;22;50;18;25;43;26;31;57;7;7;14;0;0;0;13;6;19;1683;1849;3532;486;454;940;116;141;257;2844;3022;5866
20/05/2015;360;386;746;248;199;447;22;19;41;23;20;43;21;46;67;8;8;16;0;0;0;16;8;24;1745;1850;3595;480;481;961;98;115;213;3021;3132;6153
21/05/2015;310;396;706;219;187;406;30;24;54;23;8;31;29;39;68;8;13;21;0;0;0;32;13;45;1794;1804;3598;448;430;878;108;149;257;3001;3063;6064
22/05/2015;335;344;679;230;185;415;25;36;61;19;26;45;16;35;51;13;13;26;0;1;1;26;4;30;2130;2352;4482;459;646;1105;143;140;283;3396;3782;7178
23/05/2015;214;197;411;151;107;258;17;19;36;10;13;23;6;31;37;10;11;21;0;0;0;11;10;21;1916;2814;4730;521;726;1247;67;104;171;2923;4032;6955
24/05/2015;166;117;283;67;37;104;5;6;11;5;5;10;24;11;35;12;5;17;0;0;0;23;2;25;3525;2569;6094;782;616;1398;92;67;159;4701;3435;8136
25/05/2015;293;412;705;246;227;473;24;29;53;18;15;33;13;17;30;15;12;27;0;1;1;16;1;17;2112;1995;4107;706;397;1103;102;110;212;3545;3216;6761
26/05/2015;319;347;666;238;214;452;26;25;51;13;19;32;21;30;51;14;8;22;0;0;0;20;16;36;1601;1855;3456;422;379;801;87;158;245;2761;3051;5812
27/05/2015;355;335;690;213;184;397;22;21;43;13;18;31;34;44;78;13;21;34;0;0;0;22;12;34;1741;1742;3483;441;395;836;88;108;196;2942;2880;5822
28/05/2015;327;386;713;177;192;369;27;29;56;18;26;44;20;43;63;9;23;32;0;0;0;23;6;29;1806;1793;3599;448;411;859;96;128;224;2951;3037;5988
29/05/2015;344;314;658;209;179;388;34;37;71;23;19;42;31;39;70;9;10;19;0;0;0;23;7;30;2270;2428;4698;458;628;1086;111;138;249;3512;3799;7311
30/05/2015;241;228;469;161;141;302;26;22;48;13;14;27;26;31;57;11;13;24;0;0;0;21;8;29;1942;2935;4877;543;753;1296;97;110;207;3081;4255;7336
31/05/2015;176;126;302;88;62;150;10;9;19;9;10;19;23;17;40;19;6;25;0;0;0;33;7;40;3355;2500;5855;839;673;1512;108;84;192;4660;3494;8154
01/06/2015;291;403;694;178;194;372;22;23;45;21;11;32;26;28;54;10;9;19;0;1;1;22;5;27;2029;1935;3964;762;498;1260;100;108;208;3461;3215;6676
02/06/2015;287;311;598;212;180;392;33;27;60;19;31;50;27;35;62;9;19;28;0;1;1;17;2;19;1622;1852;3474;444;440;884;109;114;223;2779;3012;5791
03/06/2015;375;369;744;262;224;486;35;18;53;15;18;33;23;42;65;8;13;21;0;1;1;19;4;23;2070;2240;4310;479;543;1022;121;149;270;3407;3621;7028
04/06/2015;192;242;434;150;110;260;21;10;31;12;10;22;16;16;32;4;11;15;1;0;1;17;6;23;2238;2850;5088;503;512;1015;72;125;197;3226;3892;7118
05/06/2015;305;343;648;213;157;370;33;26;59;26;13;39;17;31;48;12;8;20;0;0;0;27;2;29;1959;2270;4229;547;596;1143;100;134;234;3239;3580;6819
06/06/2015;196;176;372;139;117;256;19;22;41;11;16;27;20;37;57;4;8;12;0;0;0;15;11;26;1980;2745;4725;569;775;1344;88;104;192;3041;4011;7052
07/06/2015;174;133;307;67;56;123;13;7;20;13;3;16;26;12;38;22;5;27;0;0;0;14;3;17;4098;2761;6859;842;550;1392;104;85;189;5373;3615;8988
08/06/2015;301;393;694;239;210;449;17;27;44;17;20;37;17;39;56;17;7;24;0;1;1;26;2;28;2182;2164;4346;739;478;1217;109;136;245;3664;3477;7141
09/06/2015;306;391;697;254;214;468;39;25;64;19;27;46;26;29;55;7;16;23;0;1;1;19;8;27;1602;1856;3458;467;444;911;85;124;209;2824;3135;5959
10/06/2015;331;330;661;206;182;388;28;33;61;16;22;38;37;52;89;15;12;27;0;0;0;21;9;30;1764;1830;3594;449;424;873;116;111;227;2983;3005;5988
11/06/2015;357;414;771;205;203;408;31;24;55;23;23;46;21;45;66;12;21;33;0;0;0;28;10;38;1829;1827;3656;464;446;910;117;144;261;3087;3157;6244
12/06/2015;333;308;641;238;204;442;34;25;59;19;25;44;19;57;76;14;11;25;1;1;2;29;10;39;2110;2745;4855;475;616;1091;118;160;278;3390;4162;7552
13/06/2015;207;203;410;135;108;243;23;24;47;13;18;31;16;27;43;19;10;29;0;1;1;20;14;34;2016;2749;4765;517;708;1225;94;126;220;3060;3988;7048
14/06/2015;169;107;276;69;43;112;16;5;21;17;12;29;24;18;42;10;2;12;0;1;1;13;10;23;3365;2324;5689;830;614;1444;101;80;181;4614;3216;7830
15/06/2015;282;338;620;212;194;406;29;33;62;26;22;48;37;30;67;13;9;22;0;0;0;21;2;23;1981;1965;3946;736;449;1185;97;122;219;3434;3164;6598
16/06/2015;298;344;642;197;211;408;25;35;60;24;25;49;25;60;85;11;16;27;0;0;0;13;10;23;1655;1807;3462;443;386;829;82;119;201;2773;3013;5786
17/06/2015;392;371;763;235;195;430;33;34;67;22;38;60;18;39;57;13;17;30;0;1;1;18;3;21;1766;1804;3570;462;432;894;103;109;212;3062;3043;6105
18/06/2015;343;413;756;229;208;437;27;35;62;24;24;48;20;42;62;25;9;34;0;0;0;21;9;30;1758;1881;3639;445;378;823;121;149;270;3013;3148;6161
19/06/2015;342;380;722;239;186;425;29;38;67;21;24;45;23;35;58;12;12;24;0;0;0;17;9;26;2117;2543;4660;497;596;1093;118;144;262;3415;3967;7382
20/06/2015;235;210;445;153;117;270;20;24;44;10;13;23;23;34;57;8;14;22;0;0;0;26;10;36;1900;2915;4815;533;763;1296;93;130;223;3001;4230;7231
21/06/2015;158;127;285;57;36;93;17;9;26;12;8;20;23;10;33;8;9;17;0;0;0;24;8;32;3493;2447;5940;819;582;1401;98;77;175;4709;3313;8022
22/06/2015;283;386;669;212;183;395;17;17;34;15;17;32;25;26;51;21;12;33;1;0;1;20;5;25;1987;1993;3980;726;474;1200;107;112;219;3414;3225;6639
23/06/2015;292;371;663;235;204;439;29;34;63;17;26;43;28;34;62;9;11;20;0;0;0;20;6;26;1562;1760;3322;458;410;868;100;158;258;2750;3014;5764
24/06/2015;353;365;718;245;197;442;27;22;49;25;19;44;26;45;71;16;18;34;0;1;1;34;5;39;1814;1857;3671;422;414;836;91;113;204;3053;3056;6109
25/06/2015;356;425;781;237;221;458;23;31;54;30;27;57;27;43;70;11;14;25;0;0;0;28;13;41;1782;1810;3592;412;373;785;91;133;224;2997;3090;6087
26/06/2015;318;320;638;224;194;418;29;30;59;33;28;61;23;52;75;11;11;22;0;1;1;27;7;34;2033;2472;4505;472;601;1073;126;141;267;3296;3857;7153
27/06/2015;188;188;376;161;118;279;25;17;42;13;18;31;11;30;41;6;6;12;0;0;0;25;18;43;1955;2939;4894;531;798;1329;100;133;233;3015;4265;7280
28/06/2015;183;125;308;55;27;82;11;5;16;10;9;19;29;16;45;19;3;22;0;0;0;23;3;26;3372;2380;5752;871;666;1537;124;78;202;4697;3312;8009
29/06/2015;271;353;624;218;195;413;30;33;63;22;21;43;26;32;58;12;13;25;0;0;0;30;6;36;2224;2096;4320;727;418;1145;96;114;210;3656;3281;6937
30/06/2015;273;305;578;198;215;413;31;31;62;16;20;36;30;37;67;15;14;29;0;2;2;26;10;36;1757;1892;3649;474;397;871;92;121;213;2912;3044;5956
01/07/2015;333;322;655;211;182;393;15;41;56;15;22;37;26;32;58;16;11;27;0;1;1;21;9;30;1861;1974;3835;482;492;974;119;148;267;3099;3234;6333
02/07/2015;265;336;601;211;204;415;29;37;66;22;26;48;29;50;79;21;17;38;0;1;1;30;4;34;1971;2050;4021;463;446;909;93;138;231;3134;3309;6443
03/07/2015;323;302;625;218;199;417;22;34;56;24;22;46;20;45;65;21;12;33;0;0;0;32;13;45;2272;2733;5005;406;520;926;124;155;279;3462;4035;7497
04/07/2015;227;198;425;114;93;207;25;17;42;7;7;14;15;22;37;19;7;26;0;0;0;18;6;24;2030;3109;5139;452;669;1121;70;140;210;2977;4268;7245
05/07/2015;195;130;325;58;32;90;11;12;23;15;10;25;30;11;41;15;3;18;0;0;0;21;2;23;3326;2222;5548;585;431;1016;82;81;163;4338;2934;7272
06/07/2015;283;332;615;183;199;382;27;32;59;24;19;43;29;29;58;14;10;24;0;0;0;32;5;37;2290;2240;4530;711;463;1174;78;110;188;3671;3439;7110
07/07/2015;274;302;576;173;186;359;32;35;67;25;22;47;26;43;69;17;16;33;0;1;1;9;11;20;1877;2061;3938;490;442;932;73;109;182;2996;3228;6224
08/07/2015;354;338;692;203;182;385;26;40;66;12;27;39;24;52;76;19;17;36;0;1;1;24;14;38;1971;2156;4127;425;413;838;89;108;197;3147;3348;6495
09/07/2015;370;392;762;194;200;394;22;45;67;20;36;56;32;38;70;21;16;37;0;0;0;30;12;42;2014;2074;4088;484;477;961;94;136;230;3281;3426;6707
10/07/2015;344;339;683;229;178;407;32;30;62;17;30;47;25;48;73;12;18;30;0;0;0;31;7;38;2428;2983;5411;467;656;1123;93;140;233;3678;4429;8107
11/07/2015;259;222;481;128;107;235;24;23;47;12;17;29;18;28;46;14;15;29;0;0;0;22;11;33;2065;3451;5516;559;829;1388;80;119;199;3181;4822;8003
12/07/2015;198;152;350;80;48;128;17;7;24;12;7;19;16;2;18;23;3;26;1;0;1;28;11;39;4057;2664;6721;818;646;1464;117;81;198;5367;3621;8988
13/07/2015;311;360;671;174;177;351;24;33;57;22;15;37;19;15;34;18;14;32;0;0;0;27;11;38;2452;2332;4784;745;465;1210;103;145;248;3895;3567;7462
14/07/2015;292;333;625;181;201;382;22;43;65;18;20;38;30;41;71;16;21;37;1;0;1;16;12;28;1922;2137;4059;476;392;868;110;134;244;3084;3334;6418
15/07/2015;392;362;754;213;206;419;22;36;58;32;19;51;19;40;59;26;11;37;0;0;0;17;11;28;2066;2350;4416;451;467;918;85;138;223;3323;3640;6963
16/07/2015;311;390;701;214;194;408;25;29;54;17;21;38;21;33;54;19;15;34;0;0;0;33;14;47;2324;2281;4605;434;390;824;108;131;239;3506;3498;7004
17/07/2015;338;341;679;208;194;402;33;30;63;18;23;41;14;33;47;12;9;21;0;2;2;26;7;33;2375;3242;5617;412;548;960;125;178;303;3561;4607;8168
18/07/2015;233;220;453;139;126;265;21;21;42;14;19;33;14;21;35;11;10;21;0;0;0;11;8;19;2062;3475;5537;501;851;1352;89;125;214;3095;4876;7971
19/07/2015;214;159;373;87;45;132;16;11;27;9;7;16;10;16;26;15;4;19;0;0;0;23;4;27;4391;2844;7235;911;649;1560;108;94;202;5784;3833;9617
20/07/2015;308;350;658;172;176;348;19;20;39;19;12;31;30;35;65;18;13;31;1;0;1;35;10;45;2717;2405;5122;705;442;1147;116;119;235;4140;3582;7722
21/07/2015;307;340;647;188;196;384;32;37;69;19;26;45;22;59;81;14;26;40;0;1;1;20;10;30;1907;2182;4089;485;447;932;76;111;187;3070;3435;6505
22/07/2015;360;346;706;232;171;403;25;33;58;18;19;37;25;44;69;11;11;22;0;0;0;20;11;31;2156;2144;4300;425;389;814;111;116;227;3383;3284;6667
23/07/2015;340;387;727;222;222;444;35;29;64;17;26;43;21;36;57;15;12;27;0;0;0;23;9;32;2170;2254;4424;448;466;914;96;128;224;3387;3569;6956
24/07/2015;376;348;724;189;186;375;29;32;61;16;28;44;23;51;74;21;20;41;0;0;0;24;16;40;2449;3035;5484;454;612;1066;138;142;280;3719;4470;8189
25/07/2015;222;219;441;127;101;228;20;32;52;9;13;22;15;36;51;8;7;15;0;0;0;24;10;34;2177;3749;5926;556;841;1397;104;127;231;3262;5135;8397
26/07/2015;219;157;376;82;53;135;14;11;25;13;8;21;24;11;35;10;6;16;0;0;0;20;3;23;4709;2753;7462;901;581;1482;130;104;234;6122;3687;9809
27/07/2015;300;354;654;184;191;375;23;26;49;16;12;28;27;33;60;18;11;29;0;0;0;22;4;26;2753;2356;5109;718;447;1165;108;120;228;4169;3554;7723
28/07/2015;302;343;645;185;181;366;42;34;76;18;25;43;14;50;64;11;18;29;0;0;0;16;6;22;2061;2083;4144;464;405;869;102;110;212;3215;3255;6470
29/07/2015;370;371;741;199;182;381;27;34;61;23;28;51;19;37;56;15;16;31;0;1;1;25;14;39;2139;2136;4275;469;431;900;144;110;254;3430;3360;6790
30/07/2015;325;390;715;208;199;407;33;38;71;17;23;40;22;37;59;25;10;35;0;0;0;16;12;28;2063;2096;4159;425;369;794;143;130;273;3277;3304;6581
31/07/2015;337;313;650;195;198;393;30;36;66;19;23;42;10;43;53;11;16;27;0;0;0;26;10;36;2321;2707;5028;498;593;1091;156;130;286;3603;4069;7672
01/08/2015;241;199;440;130;98;228;20;18;38;10;12;22;8;20;28;7;9;16;0;1;1;13;12;25;2220;3164;5384;531;722;1253;115;116;231;3295;4371;7666
02/08/2015;178;141;319;63;28;91;24;17;41;21;5;26;17;13;30;19;7;26;0;0;0;23;4;27;4000;2857;6857;782;615;1397;141;77;218;5268;3764;9032
03/08/2015;289;351;640;156;186;342;21;23;44;13;18;31;27;23;50;9;9;18;0;0;0;15;4;19;2244;2077;4321;734;430;1164;140;144;284;3648;3265;6913
04/08/2015;273;331;604;180;149;329;17;37;54;21;27;48;19;41;60;7;14;21;0;0;0;5;9;14;1824;1958;3782;461;404;865;143;118;261;2950;3088;6038
05/08/2015;332;321;653;213;187;400;29;29;58;18;23;41;15;40;55;7;15;22;1;0;1;10;4;14;1907;1994;3901;448;392;840;158;126;284;3138;3131;6269
06/08/2015;307;404;711;186;210;396;27;52;79;14;22;36;22;29;51;11;12;23;0;0;0;10;9;19;1954;1950;3904;427;377;804;142;143;285;3100;3208;6308
07/08/2015;364;362;726;182;164;346;19;43;62;23;20;43;14;35;49;10;17;27;0;1;1;14;11;25;2144;2862;5006;471;623;1094;163;160;323;3404;4298;7702
08/08/2015;238;207;445;128;124;252;25;22;47;13;14;27;18;29;47;6;15;21;0;0;0;10;8;18;2320;3479;5799;555;822;1377;135;115;250;3448;4835;8283
09/08/2015;0;0;0;0;0;0;0;0;0;0;0;0;0;0;0;0;0;0;0;0;0;0;0;0;0;0;0;0;0;0;0;0;0;0;0;0
10/08/2015;189;270;459;122;137;259;13;25;38;15;17;32;15;26;41;11;9;20;0;0;0;9;4;13;2499;2348;4847;331;295;626;96;97;193;3300;3228;6528
11/08/2015;293;354;647;187;198;385;35;38;73;19;41;60;20;37;57;13;17;30;1;0;1;17;17;34;1695;1880;3575;434;367;801;127;124;251;2841;3073;5914
12/08/2015;377;372;749;226;179;405;39;36;75;15;24;39;24;43;67;11;13;24;0;0;0;4;7;11;1793;1880;3673;471;390;861;161;130;291;3121;3074;6195
13/08/2015;326;412;738;199;211;410;27;26;53;23;31;54;21;35;56;4;17;21;0;1;1;13;9;22;1864;2010;3874;412;364;776;154;133;287;3043;3249;6292
14/08/2015;386;380;766;196;213;409;35;40;75;16;29;45;28;46;74;10;13;23;0;0;0;21;5;26;2082;2832;4914;451;593;1044;158;160;318;3383;4311;7694
15/08/2015;208;211;419;128;113;241;13;16;29;13;18;31;12;27;39;9;8;17;0;1;1;11;15;26;1971;3111;5082;585;741;1326;136;117;253;3086;4378;7464
16/08/2015;176;149;325;85;43;128;17;10;27;6;6;12;13;11;24;8;3;11;1;0;1;18;8;26;4155;2533;6688;912;651;1563;140;98;238;5531;3512;9043
17/08/2015;283;347;630;154;210;364;22;35;57;18;8;26;18;27;45;8;8;16;0;0;0;12;3;15;2179;1959;4138;708;385;1093;127;107;234;3529;3089;6618
18/08/2015;327;377;704;171;198;369;32;35;67;11;28;39;21;38;59;9;11;20;0;1;1;5;13;18;1671;1776;3447;458;402;860;127;126;253;2832;3005;5837
19/08/2015;360;361;721;207;171;378;34;35;69;21;28;49;21;39;60;13;13;26;0;1;1;16;13;29;1769;1754;3523;406;353;759;162;136;298;3009;2904;5913
20/08/2015;331;401;732;195;198;393;28;30;58;20;18;38;15;41;56;14;9;23;0;0;0;21;15;36;1891;1812;3703;418;388;806;148;132;280;3081;3044;6125
21/08/2015;363;359;722;178;159;337;26;34;60;22;25;47;21;42;63;6;15;21;0;0;0;17;11;28;2143;2428;4571;441;534;975;152;128;280;3369;3735;7104
22/08/2015;229;205;434;128;126;254;22;19;41;11;20;31;27;24;51;3;13;16;0;1;1;13;8;21;1869;2654;4523;495;655;1150;125;119;244;2922;3844;6766
23/08/2015;172;116;288;74;34;108;11;9;20;10;10;20;22;9;31;5;3;8;0;0;0;18;4;22;3257;2369;5626;772;534;1306;141;68;209;4482;3156;7638
24/08/2015;309;385;694;170;209;379;24;46;70;29;20;49;14;37;51;13;7;20;0;0;0;7;4;11;1829;1903;3732;727;397;1124;130;103;233;3252;3111;6363
25/08/2015;336;374;710;183;201;384;25;36;61;19;18;37;16;42;58;9;22;31;0;0;0;9;9;18;1604;1827;3431;428;327;755;114;98;212;2743;2954;5697
26/08/2015;373;341;714;195;187;382;31;37;68;15;25;40;22;49;71;12;13;25;1;0;1;10;17;27;1781;1821;3602;430;361;791;158;127;285;3028;2978;6006
27/08/2015;319;393;712;168;211;379;20;25;45;24;17;41;32;37;69;11;9;20;0;0;0;17;13;30;1841;1863;3704;395;325;720;147;113;260;2974;3006;5980
28/08/2015;350;365;715;206;182;388;31;31;62;25;20;45;20;37;57;9;12;21;0;0;0;14;12;26;2098;2352;4450;409;526;935;186;132;318;3348;3669;7017
29/08/2015;227;223;450;121;118;239;19;29;48;16;20;36;10;27;37;8;8;16;0;1;1;12;8;20;1962;2782;4744;505;669;1174;116;101;217;2996;3986;6982
30/08/2015;158;122;280;75;28;103;13;12;25;11;8;19;24;12;36;11;4;15;1;0;1;21;1;22;3237;2452;5689;876;609;1485;152;71;223;4579;3319;7898
31/08/2015;278;353;631;165;186;351;26;30;56;21;14;35;12;33;45;9;3;12;0;0;0;11;3;14;1972;1938;3910;745;416;1161;167;114;281;3406;3090;6496
01/09/2015;265;328;593;189;194;383;34;53;87;17;27;44;20;50;70;9;13;22;0;1;1;12;6;18;1760;1761;3521;457;388;845;117;103;220;2880;2924;5804
02/09/2015;335;340;675;198;167;365;36;39;75;21;27;48;25;36;61;14;17;31;0;0;0;18;8;26;1876;1925;3801;416;356;772;155;105;260;3094;3020;6114
03/09/2015;387;463;850;206;207;413;36;54;90;19;29;48;28;34;62;16;19;35;0;1;1;19;7;26;1896;2002;3898;455;375;830;153;147;300;3215;3338;6553
04/09/2015;367;381;748;209;179;388;29;41;70;26;24;50;29;50;79;12;7;19;0;0;0;18;12;30;2460;3499;5959;444;611;1055;192;159;351;3786;4963;8749
05/09/2015;259;252;511;123;116;239;25;20;45;14;18;32;15;38;53;1;14;15;0;0;0;23;8;31;2236;5527;7763;540;1005;1545;138;170;308;3374;7168;10542
06/09/2015;195;132;327;58;49;107;12;5;17;11;1;12;17;13;30;6;3;9;0;0;0;19;3;22;3041;3257;6298;762;659;1421;123;80;203;4244;4202;8446
07/09/2015;189;210;399;91;70;161;19;12;31;8;17;25;22;6;28;8;2;10;0;0;0;17;1;18;6385;2509;8894;1046;456;1502;148;89;237;7933;3372;11305
08/09/2015;359;407;766;199;211;410;30;42;72;20;22;42;27;42;69;8;13;21;0;0;0;14;9;23;2603;2168;4771;834;396;1230;139;113;252;4233;3423;7656
09/09/2015;378;387;765;224;240;464;27;36;63;15;25;40;17;42;59;11;15;26;0;0;0;13;10;23;1871;1950;3821;462;377;839;150;98;248;3168;3180;6348
10/09/2015;343;432;775;201;214;415;31;47;78;22;22;44;25;48;73;12;19;31;2;2;4;9;18;27;1881;1873;3754;412;354;766;165;154;319;3103;3183;6286
11/09/2015;345;359;704;211;215;426;20;43;63;23;30;53;21;46;67;7;8;15;1;0;1;22;5;27;2211;2387;4598;448;544;992;169;147;316;3478;3784;7262
12/09/2015;257;249;506;132;143;275;19;25;44;16;27;43;15;42;57;8;12;20;0;0;0;15;10;25;1904;2766;4670;474;679;1153;147;127;274;2987;4080;7067
13/09/2015;221;156;377;91;63;154;16;14;30;14;12;26;14;14;28;4;5;9;0;0;0;13;1;14;3295;2472;5767;801;535;1336;131;76;207;4600;3348;7948
14/09/2015;333;392;725;202;246;448;21;42;63;18;21;39;16;32;48;15;10;25;1;0;1;10;5;15;2056;2114;4170;695;410;1105;131;138;269;3498;3410;6908
15/09/2015;329;353;682;191;188;379;30;43;73;28;17;45;21;43;64;11;14;25;0;0;0;16;2;18;1749;1769;3518;458;374;832;167;114;281;3000;2917;5917
16/09/2015;354;362;716;202;173;375;25;32;57;21;22;43;18;35;53;9;12;21;0;0;0;15;7;22;1834;1817;3651;446;408;854;145;125;270;3069;2993;6062
17/09/2015;325;425;750;205;215;420;25;37;62;13;26;39;23;42;65;15;12;27;0;1;1;20;7;27;1823;1823;3646;411;383;794;150;122;272;3010;3093;6103
18/09/2015;351;336;687;198;176;374;25;43;68;25;28;53;29;40;69;16;13;29;0;1;1;12;6;18;2157;2477;4634;460;627;1087;158;153;311;3431;3900;7331
19/09/2015;212;219;431;114;124;238;24;31;55;8;16;24;20;20;40;7;12;19;0;0;0;19;0;19;1824;2813;4637;555;832;1387;121;118;239;2904;4185;7089
20/09/2015;232;183;415;137;74;211;27;22;49;13;9;22;18;10;28;14;4;18;0;0;0;20;1;21;3421;2630;6051;2659;1503;4162;227;203;430;6768;4639;11407
21/09/2015;324;375;699;194;196;390;21;47;68;18;21;39;34;40;74;12;7;19;0;0;0;14;7;21;2211;2065;4276;817;416;1233;137;115;252;3782;3289;7071
22/09/2015;330;391;721;198;170;368;25;31;56;15;19;34;21;41;62;8;17;25;0;0;0;10;8;18;1673;1869;3542;450;340;790;141;103;244;2871;2989;5860
23/09/2015;385;409;794;197;197;394;26;39;65;22;15;37;20;36;56;14;15;29;0;0;0;9;12;21;1767;1949;3716;400;362;762;153;109;262;2993;3143;6136
24/09/2015;359;447;806;236;243;479;35;39;74;23;34;57;30;42;72;19;5;24;0;0;0;16;8;24;1918;1889;3807;411;379;790;149;139;288;3196;3225;6421
25/09/2015;334;383;717;224;218;442;29;40;69;29;29;58;19;38;57;12;5;17;0;0;0;14;6;20;2315;2675;4990;468;580;1048;172;137;309;3616;4111;7727
26/09/2015;249;245;494;139;126;265;18;36;54;10;17;27;28;24;52;8;10;18;0;0;0;17;7;24;2173;3246;5419;542;733;1275;126;116;242;3310;4560;7870
27/09/2015;291;235;526;101;64;165;12;12;24;13;5;18;28;17;45;7;2;9;0;0;0;18;4;22;4012;2893;6905;796;512;1308;146;89;235;5424;3833;9257
28/09/2015;325;406;731;190;228;418;28;49;77;20;16;36;22;39;61;16;12;28;0;0;0;9;6;15;2243;2055;4298;730;376;1106;174;115;289;3757;3302;7059
29/09/2015;351;394;745;219;213;432;16;31;47;20;23;43;20;42;62;10;12;22;0;0;0;15;9;24;1832;1994;3826;445;383;828;124;102;226;3052;3203;6255
30/09/2015;353;382;735;228;170;398;30;38;68;25;24;49;37;46;83;11;19;30;0;1;1;9;13;22;1890;2057;3947;508;399;907;137;123;260;3228;3272;6500
01/10/2015;152;193;345;113;77;190;11;18;29;11;16;27;17;15;32;5;6;11;0;0;0;12;2;14;2527;2836;5363;252;150;402;67;51;118;3167;3364;6531
02/10/2015;426;442;868;372;376;748;39;57;96;15;21;36;14;35;49;6;17;23;1;1;2;26;11;37;2277;3367;5644;513;591;1104;186;160;346;3875;5078;8953
03/10/2015;326;331;657;155;164;319;28;34;62;15;14;29;15;32;47;4;7;11;0;0;0;16;7;23;2714;3908;6622;507;759;1266;167;169;336;3947;5425;9372
04/10/2015;296;200;496;79;54;133;30;13;43;19;12;31;8;16;24;7;2;9;0;1;1;18;4;22;4847;3213;8060;970;573;1543;181;114;295;6455;4202;10657
05/10/2015;375;439;814;198;223;421;25;47;72;15;19;34;24;24;48;6;7;13;0;0;0;21;3;24;2547;2081;4628;775;346;1121;159;129;288;4145;3318;7463
06/10/2015;337;373;710;194;180;374;25;29;54;13;21;34;22;41;63;9;12;21;0;1;1;18;11;29;1726;1892;3618;459;372;831;123;95;218;2926;3027;5953
07/10/2015;382;406;788;224;186;410;21;29;50;28;29;57;29;30;59;23;15;38;0;0;0;20;8;28;1884;1913;3797;487;373;860;118;104;222;3216;3093;6309
08/10/2015;354;442;796;240;207;447;32;29;61;18;20;38;38;47;85;14;18;32;1;0;1;18;16;34;1895;1939;3834;441;387;828;128;99;227;3179;3204;6383
09/10/2015;414;449;863;221;221;442;24;48;72;24;22;46;22;30;52;10;7;17;0;1;1;14;13;27;2461;3197;5658;470;535;1005;155;143;298;3815;4666;8481
10/10/2015;263;234;497;161;133;294;22;41;63;13;10;23;15;35;50;17;16;33;0;0;0;8;11;19;2338;4775;7113;487;865;1352;120;137;257;3444;6257;9701
11/10/2015;193;156;349;76;40;116;19;4;23;6;13;19;18;15;33;12;2;14;0;0;0;27;2;29;2943;3145;6088;705;690;1395;101;88;189;4100;4155;8255
12/10/2015;145;188;333;73;83;156;11;10;21;14;5;19;13;8;21;7;0;7;0;0;0;12;1;13;5145;2499;7644;874;423;1297;112;68;180;6406;3285;9691
13/10/2015;354;400;754;203;224;427;30;46;76;23;19;42;38;46;84;9;12;21;0;0;0;15;5;20;2696;2206;4902;702;366;1068;163;139;302;4233;3463;7696
14/10/2015;344;368;712;227;216;443;34;34;68;16;13;29;17;38;55;11;15;26;1;1;2;13;10;23;1814;2022;3836;467;403;870;125;111;236;3069;3231;6300
15/10/2015;326;391;717;227;220;447;26;35;61;18;21;39;22;45;67;12;11;23;2;0;2;18;12;30;1883;1867;3750;404;349;753;130;142;272;3068;3093;6161
16/10/2015;366;382;748;188;196;384;19;46;65;21;24;45;31;42;73;18;9;27;0;0;0;24;9;33;2343;2401;4744;421;523;944;161;128;289;3592;3760;7352
17/10/2015;254;237;491;143;124;267;27;32;59;23;12;35;12;43;55;2;14;16;0;1;1;6;11;17;1968;2614;4582;518;723;1241;147;147;294;3100;3958;7058
18/10/2015;202;198;400;86;52;138;6;3;9;17;9;26;23;14;37;3;3;6;0;0;0;21;1;22;3062;2674;5736;675;566;1241;146;103;249;4241;3623;7864
19/10/2015;266;364;630;185;173;358;19;39;58;12;17;29;33;20;53;8;6;14;0;0;0;14;2;16;2082;2137;4219;733;360;1093;143;100;243;3495;3218;6713
20/10/2015;330;390;720;197;199;396;24;38;62;18;30;48;25;39;64;3;17;20;0;0;0;11;13;24;1775;1864;3639;463;350;813;122;93;215;2968;3033;6001
21/10/2015;357;388;745;207;193;400;33;34;67;13;20;33;36;36;72;13;7;20;0;0;0;15;8;23;1679;1819;3498;434;383;817;168;118;286;2955;3006;5961
22/10/2015;326;372;698;222;198;420;21;28;49;17;15;32;25;25;50;9;6;15;0;0;0;18;8;26;1827;1894;3721;399;320;719;129;121;250;2993;2987;5980
23/10/2015;373;397;770;229;211;440;29;36;65;26;26;52;14;37;51;12;13;25;0;0;0;19;5;24;2053;2380;4433;431;543;974;175;125;300;3361;3773;7134
24/10/2015;213;215;428;161;132;293;22;35;57;14;13;27;18;29;47;3;9;12;0;0;0;9;10;19;1726;2398;4124;517;659;1176;109;92;201;2792;3592;6384
25/10/2015;179;130;309;79;36;115;17;8;25;17;4;21;31;16;47;17;6;23;0;1;1;24;4;28;2843;2258;5101;784;593;1377;125;92;217;4116;3148;7264
26/10/2015;306;399;705;187;208;395;15;30;45;16;14;30;21;20;41;6;6;12;0;0;0;11;2;13;1920;1924;3844;715;387;1102;148;131;279;3345;3121;6466
27/10/2015;323;413;736;217;198;415;29;44;73;20;16;36;20;42;62;6;11;17;0;1;1;9;7;16;1648;1868;3516;402;344;746;126;113;239;2800;3057;5857
28/10/2015;374;393;767;228;187;415;26;33;59;22;24;46;24;41;65;15;10;25;0;0;0;12;3;15;1818;1889;3707;431;372;803;145;129;274;3095;3081;6176
29/10/2015;356;429;785;227;203;430;18;36;54;17;17;34;26;33;59;13;16;29;0;0;0;24;5;29;1922;1922;3844;447;369;816;140;129;269;3190;3159;6349
30/10/2015;316;345;661;218;211;429;34;48;82;33;19;52;21;26;47;6;19;25;1;1;2;10;3;13;2294;3336;5630;434;615;1049;150;135;285;3517;4758;8275
31/10/2015;264;242;506;155;140;295;28;40;68;20;16;36;10;35;45;5;9;14;1;0;1;10;10;20;2287;5356;7643;514;956;1470;133;146;279;3427;6950;10377
01/11/2015;134;116;250;44;38;82;9;5;14;10;9;19;24;18;42;9;4;13;0;0;0;22;3;25;2654;3487;6141;626;655;1281;129;112;241;3661;4447;8108
02/11/2015;171;201;372;65;80;145;11;11;22;10;5;15;25;11;36;11;0;11;0;0;0;14;3;17;7474;3433;10907;1148;592;1740;158;101;259;9087;4437;13524
03/11/2015;307;369;676;199;176;375;30;30;60;19;16;35;24;25;49;11;6;17;0;0;0;11;1;12;2664;2012;4676;849;396;1245;152;114;266;4266;3145;7411
04/11/2015;353;369;722;216;190;406;24;47;71;21;21;42;21;35;56;10;14;24;0;0;0;15;7;22;1822;1939;3761;480;381;861;130;129;259;3092;3132;6224
05/11/2015;337;411;748;229;204;433;23;41;64;18;24;42;20;35;55;20;12;32;0;0;0;15;8;23;1785;1814;3599;490;395;885;149;115;264;3086;3059;6145
06/11/2015;350;387;737;205;197;402;26;40;66;19;19;38;28;34;62;16;10;26;0;0;0;25;4;29;2176;2302;4478;498;507;1005;161;109;270;3504;3609;7113
07/11/2015;260;216;476;136;118;254;24;36;60;20;21;41;21;26;47;13;18;31;0;1;1;10;9;19;1932;2523;4455;495;674;1169;108;110;218;3019;3752;6771
08/11/2015;223;187;410;82;57;139;15;9;24;21;9;30;25;3;28;26;1;27;0;0;0;35;8;43;2732;2350;5082;732;532;1264;113;67;180;4004;3223;7227
09/11/2015;295;376;671;204;204;408;23;38;61;16;17;33;30;26;56;3;4;7;0;0;0;24;8;32;1947;2011;3958;691;400;1091;108;114;222;3341;3198;6539
10/11/2015;339;392;731;218;205;423;25;43;68;31;29;60;25;49;74;6;19;25;0;0;0;11;13;24;1623;1794;3417;450;386;836;133;130;263;2861;3060;5921
11/11/2015;362;374;736;197;174;371;30;46;76;25;32;57;30;35;65;11;12;23;0;0;0;20;12;32;1720;1829;3549;444;387;831;158;116;274;2997;3017;6014
12/11/2015;370;425;795;236;210;446;30;36;66;29;29;58;41;53;94;20;14;34;0;0;0;24;6;30;1957;1786;3743;447;390;837;119;130;249;3273;3079;6352
13/11/2015;337;393;730;224;199;423;25;41;66;23;32;55;30;32;62;8;12;20;0;0;0;18;10;28;2236;2344;4580;449;565;1014;136;128;264;3486;3756;7242
14/11/2015;222;229;451;165;120;285;17;17;34;17;16;33;19;22;41;9;3;12;0;0;0;22;7;29;1958;2883;4841;536;771;1307;135;118;253;3100;4186;7286
15/11/2015;207;176;383;92;51;143;19;16;35;19;8;27;29;15;44;11;9;20;0;0;0;29;2;31;3336;2541;5877;747;541;1288;152;85;237;4641;3444;8085
16/11/2015;314;378;692;204;209;413;30;31;61;20;14;34;25;23;48;10;10;20;1;0;1;18;8;26;2043;1987;4030;763;429;1192;146;106;252;3574;3195;6769
17/11/2015;360;429;789;239;217;456;17;31;48;18;23;41;28;47;75;10;16;26;0;0;0;26;10;36;1631;1849;3480;441;375;816;140;115;255;2910;3112;6022
18/11/2015;386;400;786;233;225;458;23;33;56;22;21;43;28;39;67;9;14;23;0;0;0;17;9;26;1746;1866;3612;445;360;805;176;112;288;3085;3079;6164
19/11/2015;385;469;854;252;249;501;22;26;48;16;18;34;27;45;72;13;11;24;0;0;0;11;11;22;1864;1823;3687;462;417;879;171;120;291;3223;3189;6412
20/11/2015;331;415;746;238;213;451;29;42;71;34;20;54;15;27;42;9;13;22;0;3;3;25;6;31;2158;2531;4689;459;552;1011;186;116;302;3484;3938;7422
21/11/2015;248;231;479;177;131;308;19;37;56;12;10;22;17;33;50;9;6;15;0;0;0;9;17;26;2046;2968;5014;602;841;1443;115;128;243;3254;4402;7656
22/11/2015;207;157;364;85;50;135;19;15;34;16;11;27;30;7;37;9;4;13;0;0;0;24;3;27;3542;2565;6107;913;627;1540;134;77;211;4979;3516;8495
23/11/2015;313;400;713;204;202;406;26;21;47;16;15;31;21;36;57;12;14;26;0;0;0;17;5;22;2042;1993;4035;711;374;1085;145;137;282;3507;3197;6704
24/11/2015;379;398;777;184;189;373;18;36;54;21;24;45;21;44;65;14;13;27;0;1;1;13;12;25;1609;1712;3321;453;360;813;142;125;267;2854;2914;5768
25/11/2015;385;402;787;199;206;405;34;42;76;19;12;31;22;27;49;11;14;25;0;0;0;20;9;29;1846;1823;3669;456;383;839;158;125;283;3150;3043;6193
26/11/2015;352;443;795;219;213;432;36;27;63;28;12;40;25;36;61;11;11;22;0;0;0;17;5;22;1894;1918;3812;440;373;813;136;122;258;3158;3160;6318
27/11/2015;374;410;784;208;201;409;35;39;74;19;19;38;15;39;54;5;19;24;0;1;1;8;12;20;2369;2504;4873;504;604;1108;185;141;326;3722;3989;7711
28/11/2015;197;227;424;164;141;305;31;23;54;6;17;23;19;15;34;7;3;10;1;0;1;20;12;32;2017;2846;4863;523;670;1193;125;113;238;3110;4067;7177
29/11/2015;214;172;386;88;44;132;21;13;34;12;7;19;17;12;29;4;3;7;0;0;0;13;5;18;3141;2498;5639;771;558;1329;120;71;191;4401;3383;7784
30/11/2015;291;362;653;184;215;399;28;32;60;21;12;33;21;17;38;8;11;19;0;1;1;12;7;19;2051;2073;4124;749;397;1146;125;126;251;3490;3253;6743
01/12/2015;297;325;622;185;198;383;31;40;71;18;22;40;25;35;60;19;8;27;0;0;0;20;15;35;1696;1875;3571;453;371;824;137;124;261;2881;3013;5894
02/12/2015;361;337;698;205;191;396;29;32;61;24;23;47;34;32;66;15;10;25;0;0;0;11;11;22;1921;1966;3887;471;408;879;155;122;277;3226;3132;6358
03/12/2015;334;400;734;213;200;413;40;38;78;28;17;45;24;38;62;11;9;20;0;0;0;25;8;33;1952;1911;3863;466;394;860;157;135;292;3250;3150;6400
04/12/2015;379;403;782;215;201;416;32;44;76;25;24;49;28;36;64;13;14;27;0;0;0;19;11;30;2412;2543;4955;511;615;1126;165;140;305;3799;4031;7830
05/12/2015;226;214;440;134;131;265;26;22;48;22;25;47;15;20;35;6;11;17;1;1;2;14;13;27;2194;3115;5309;605;766;1371;127;113;240;3370;4431;7801
06/12/2015;191;176;367;80;52;132;14;8;22;10;4;14;18;15;33;6;2;8;0;0;0;17;2;19;3500;2860;6360;927;667;1594;132;100;232;4895;3886;8781
07/12/2015;324;375;699;196;216;412;16;26;42;16;16;32;11;20;31;12;8;20;0;1;1;12;5;17;2188;2178;4366;742;382;1124;165;140;305;3682;3367;7049
08/12/2015;367;384;751;208;214;422;32;30;62;27;15;42;18;22;40;5;14;19;0;1;1;6;11;17;1922;2083;4005;502;404;906;144;119;263;3231;3297;6528
09/12/2015;379;385;764;228;229;457;36;32;68;21;23;44;18;42;60;7;7;14;0;1;1;9;9;18;2007;2011;4018;454;375;829;154;127;281;3313;3241;6554
10/12/2015;364;427;791;214;242;456;17;37;54;31;23;54;21;37;58;12;8;20;1;0;1;17;9;26;2079;2031;4110;423;373;796;128;123;251;3307;3310;6617
11/12/2015;357;381;738;224;225;449;27;37;64;20;26;46;25;33;58;9;7;16;0;0;0;15;16;31;2394;2652;5046;467;545;1012;149;139;288;3687;4061;7748
12/12/2015;253;254;507;165;132;297;26;20;46;16;18;34;20;40;60;7;7;14;0;0;0;8;8;16;2164;3224;5388;582;742;1324;140;127;267;3381;4572;7953
13/12/2015;295;233;528;91;68;159;22;9;31;18;16;34;15;18;33;4;7;11;0;0;0;17;4;21;3636;2832;6468;742;572;1314;156;125;281;4996;3884;8880
14/12/2015;357;397;754;192;223;415;32;35;67;23;31;54;13;26;39;5;7;12;1;0;1;16;7;23;2306;2306;4612;753;388;1141;138;124;262;3836;3544;7380
15/12/2015;343;394;737;196;230;426;28;42;70;19;19;38;21;34;55;9;10;19;0;1;1;12;17;29;1919;2064;3983;478;396;874;164;115;279;3189;3322;6511
16/12/2015;358;360;718;246;207;453;30;37;67;21;19;40;26;20;46;10;11;21;0;0;0;14;4;18;2059;2199;4258;437;378;815;175;132;307;3376;3367;6743
17/12/2015;382;412;794;255;249;504;24;23;47;13;12;25;26;25;51;11;9;20;0;0;0;18;4;22;2256;2402;4658;462;360;822;166;140;306;3613;3636;7249
18/12/2015;404;423;827;241;234;475;23;36;59;30;23;53;22;33;55;11;11;22;0;0;0;16;10;26;2493;2841;5334;533;576;1109;179;147;326;3952;4334;8286
19/12/2015;284;266;550;168;133;301;27;21;48;8;23;31;12;26;38;4;14;18;1;0;1;10;6;16;2500;3440;5940;553;745;1298;117;111;228;3684;4785;8469
20/12/2015;280;245;525;99;79;178;24;11;35;8;16;24;18;9;27;12;5;17;1;0;1;14;2;16;3724;3124;6848;853;610;1463;136;120;256;5169;4221;9390
21/12/2015;384;425;809;189;204;393;31;21;52;15;13;28;19;16;35;6;7;13;0;0;0;16;1;17;2504;2523;5027;703;386;1089;140;119;259;4007;3715;7722
22/12/2015;406;441;847;231;220;451;40;37;77;19;22;41;18;23;41;10;11;21;1;0;1;13;7;20;2381;2626;5007;510;445;955;143;117;260;3772;3949;7721
23/12/2015;458;489;947;276;238;514;38;38;76;13;16;29;13;33;46;9;10;19;0;0;0;10;5;15;2670;3643;6313;494;589;1083;167;146;313;4148;5207;9355
24/12/2015;296;413;709;141;146;287;24;27;51;12;14;26;13;20;33;3;5;8;0;0;0;10;5;15;2595;5462;8057;542;851;1393;149;145;294;3785;7088;10873
25/12/2015;278;110;388;50;31;81;10;5;15;3;7;10;4;3;7;3;1;4;0;0;0;7;5;12;2904;3091;5995;619;556;1175;107;82;189;3985;3891;7876
26/12/2015;173;205;378;69;64;133;12;13;25;4;6;10;4;21;25;1;3;4;0;0;0;1;1;2;3036;2855;5891;760;735;1495;90;107;197;4150;4010;8160
27/12/2015;200;170;370;81;65;146;11;24;35;7;11;18;11;10;21;6;3;9;0;0;0;5;0;5;5163;2855;8018;918;512;1430;125;81;206;6527;3731;10258
28/12/2015;369;405;774;214;195;409;28;27;55;15;9;24;13;15;28;6;4;10;0;1;1;3;0;3;2963;2366;5329;680;382;1062;130;110;240;4421;3514;7935
29/12/2015;381;380;761;231;197;428;23;25;48;25;13;38;19;22;41;6;13;19;0;1;1;6;4;10;2568;2417;4985;511;463;974;139;112;251;3909;3647;7556
30/12/2015;417;410;827;226;202;428;17;26;43;17;18;35;16;21;37;8;10;18;0;0;0;15;4;19;3165;3489;6654;501;558;1059;182;133;315;4564;4871;9435
31/12/2015;269;210;479;111;85;196;19;18;37;6;8;14;4;15;19;1;6;7;0;0;0;7;3;10;3036;5389;8425;611;1125;1736;112;113;225;4176;6972;11148
01/01/2016;96;99;195;27;20;47;8;4;12;3;3;6;3;2;5;1;2;3;0;0;0;8;3;11;2455;2856;5311;563;490;1053;59;68;127;3223;3547;6770
02/01/2016;128;137;265;47;59;106;4;5;9;0;7;7;6;15;21;3;5;8;0;0;0;2;3;5;3325;2971;6296;754;551;1305;94;116;210;4363;3869;8232
03/01/2016;166;150;316;67;31;98;14;5;19;4;12;16;10;11;21;2;0;2;0;0;0;4;1;5;6414;3420;9834;1140;463;1603;137;100;237;7958;4193;12151
04/01/2016;277;350;627;174;168;342;24;23;47;9;19;28;10;24;34;6;4;10;1;0;1;2;2;4;3048;2492;5540;873;422;1295;135;103;238;4559;3607;8166
05/01/2016;331;338;669;175;186;361;21;33;54;19;17;36;9;30;39;5;8;13;0;1;1;17;6;23;2213;2195;4408;529;384;913;111;96;207;3430;3294;6724
06/01/2016;358;371;729;204;195;399;29;30;59;24;17;41;13;22;35;2;12;14;0;0;0;14;3;17;2246;2247;4493;499;407;906;128;110;238;3517;3414;6931
07/01/2016;325;364;689;220;207;427;20;30;50;21;17;38;10;24;34;6;5;11;0;0;0;13;6;19;2177;2210;4387;455;346;801;132;127;259;3379;3336;6715
08/01/2016;313;324;637;201;183;384;31;24;55;18;14;32;17;19;36;11;5;16;0;0;0;19;6;25;2485;2610;5095;422;495;917;168;142;310;3685;3822;7507
09/01/2016;181;182;363;127;110;237;19;17;36;6;13;19;7;17;24;6;4;10;0;0;0;13;3;16;2181;3012;5193;477;631;1108;109;118;227;3126;4107;7233
10/01/2016;195;140;335;73;43;116;17;6;23;7;3;10;9;7;16;5;4;9;0;0;0;4;3;7;3534;2837;6371;788;674;1462;117;87;204;4749;3804;8553
11/01/2016;305;373;678;184;172;356;26;24;50;13;9;22;20;22;42;6;6;12;0;0;0;21;2;23;2408;2383;4791;712;441;1153;108;116;224;3803;3548;7351
12/01/2016;293;352;645;197;186;383;18;29;47;20;10;30;23;40;63;6;6;12;0;0;0;10;1;11;2045;2289;4334;466;409;875;129;88;217;3207;3410;6617
13/01/2016;334;334;668;218;212;430;28;22;50;16;12;28;15;25;40;7;11;18;0;0;0;22;5;27;2158;2142;4300;447;387;834;140;111;251;3385;3261;6646
14/01/2016;362;430;792;245;219;464;29;23;52;14;31;45;7;28;35;10;8;18;1;0;1;15;10;25;2264;2225;4489;443;340;783;163;109;272;3553;3423;6976
15/01/2016;340;376;716;227;202;429;28;24;52;21;13;34;7;28;35;5;8;13;0;0;0;12;8;20;2447;2912;5359;543;573;1116;145;122;267;3775;4266;8041
16/01/2016;203;196;399;120;108;228;14;17;31;11;14;25;6;21;27;4;10;14;0;0;0;12;12;24;2265;3177;5442;579;822;1401;114;89;203;3328;4466;7794
17/01/2016;148;124;272;63;50;113;17;8;25;7;4;11;16;12;28;7;1;8;0;0;0;17;3;20;3916;2851;6767;895;600;1495;130;79;209;5216;3732;8948
18/01/2016;285;332;617;175;211;386;28;21;49;12;16;28;23;24;47;12;6;18;1;0;1;21;1;22;2488;2405;4893;739;387;1126;152;106;258;3936;3509;7445
19/01/2016;275;331;606;228;204;432;28;32;60;18;16;34;12;25;37;17;8;25;0;0;0;12;15;27;2010;2186;4196;383;313;696;101;114;215;3084;3244;6328
20/01/2016;293;318;611;205;177;382;22;20;42;14;12;26;17;17;34;6;12;18;0;0;0;17;14;31;2011;2093;4104;460;343;803;145;115;260;3190;3121;6311
21/01/2016;279;303;582;223;206;429;24;12;36;15;13;28;19;16;35;3;7;10;0;1;1;15;24;39;2205;2022;4227;343;281;624;114;168;282;3240;3053;6293
22/01/2016;327;343;670;225;173;398;26;27;53;22;19;41;14;17;31;1;12;13;0;0;0;11;9;20;2391;2589;4980;490;549;1039;150;154;304;3657;3892;7549
23/01/2016;207;205;412;138;129;267;14;16;30;8;15;23;9;24;33;5;6;11;0;0;0;20;12;32;2104;2889;4993;508;623;1131;122;99;221;3135;4018;7153
24/01/2016;142;111;253;66;40;106;12;11;23;9;2;11;11;7;18;6;2;8;0;0;0;11;6;17;3581;2808;6389;797;564;1361;121;107;228;4756;3658;8414
25/01/2016;277;313;590;188;217;405;22;24;46;15;9;24;21;10;31;13;5;18;0;0;0;15;2;17;2256;2286;4542;699;422;1121;120;114;234;3626;3402;7028
26/01/2016;306;333;639;187;176;363;31;21;52;23;10;33;19;25;44;3;11;14;0;0;0;20;9;29;1884;2012;3896;495;414;909;133;105;238;3101;3116;6217
27/01/2016;305;332;637;214;179;393;27;21;48;13;13;26;16;34;50;9;10;19;0;0;0;26;15;41;1880;1984;3864;431;358;789;154;101;255;3075;3047;6122
28/01/2016;290;359;649;224;197;421;28;23;51;21;8;29;15;24;39;13;6;19;0;0;0;17;14;31;2020;1932;3952;451;396;847;139;121;260;3218;3080;6298
29/01/2016;280;303;583;191;166;357;20;24;44;12;13;25;13;18;31;14;15;29;0;0;0;23;7;30;2152;2448;4600;507;549;1056;170;121;291;3382;3664;7046
30/01/2016;212;207;419;136;123;259;18;25;43;6;10;16;8;25;33;6;3;9;0;0;0;22;12;34;2104;2834;4938;603;764;1367;120;114;234;3235;4117;7352
31/01/2016;166;105;271;82;50;132;11;9;20;14;9;23;23;8;31;11;3;14;0;0;0;22;1;23;3337;2618;5955;934;735;1669;134;106;240;4734;3644;8378
01/02/2016;267;332;599;173;218;391;19;26;45;10;15;25;24;14;38;11;7;18;0;0;0;18;1;19;2138;2097;4235;708;306;1014;162;118;280;3530;3134;6664
02/02/2016;312;330;642;162;177;339;17;40;57;15;14;29;22;28;50;10;9;19;0;0;0;12;16;28;1896;2137;4033;444;326;770;152;118;270;3042;3195;6237
03/02/2016;315;322;637;232;188;420;25;41;66;24;10;34;20;24;44;6;10;16;0;1;1;4;10;14;1960;2009;3969;448;367;815;132;125;257;3166;3107;6273
04/02/2016;348;381;729;258;204;462;26;36;62;26;20;46;18;25;43;7;15;22;0;0;0;12;22;34;2048;2246;4294;466;415;881;172;153;325;3381;3517;6898
05/02/2016;335;363;698;170;179;349;25;42;67;11;14;25;11;28;39;6;8;14;0;0;0;13;14;27;2606;4364;6970;478;661;1139;167;157;324;3822;5830;9652
06/02/2016;250;217;467;112;129;241;24;15;39;4;10;14;7;19;26;4;10;14;0;0;0;6;19;25;2637;7049;9686;570;1130;1700;122;179;301;3736;8777;12513
07/02/2016;121;89;210;45;30;75;12;4;16;7;4;11;10;5;15;3;6;9;0;0;0;6;6;12;2474;3578;6052;705;804;1509;89;80;169;3472;4606;8078
08/02/2016;108;124;232;49;59;108;11;10;21;7;6;13;7;7;14;4;8;12;0;0;0;5;1;6;2972;2644;5616;739;550;1289;54;50;104;3956;3459;7415
09/02/2016;103;116;219;31;22;53;11;2;13;5;2;7;8;7;15;7;1;8;0;0;0;7;0;7;5362;2379;7741;1043;513;1556;100;41;141;6677;3083;9760
10/02/2016;222;227;449;163;139;302;15;16;31;15;10;25;13;16;29;3;11;14;0;0;0;5;6;11;5528;2097;7625;972;363;1335;161;111;272;7097;2996;10093
11/02/2016;346;414;760;186;200;386;23;20;43;19;16;35;9;31;40;10;8;18;1;1;2;8;8;16;2215;1932;4147;668;394;1062;172;119;291;3657;3143;6800
12/02/2016;314;360;674;203;185;388;23;30;53;11;14;25;11;35;46;4;9;13;0;0;0;6;6;12;2031;2120;4151;500;503;1003;184;108;292;3287;3370;6657
13/02/2016;199;205;404;134;128;262;19;27;46;9;17;26;2;24;26;6;9;15;0;0;0;6;16;22;1905;2275;4180;545;627;1172;113;79;192;2938;3407;6345
14/02/2016;141;109;250;63;47;110;14;10;24;9;5;14;15;5;20;8;4;12;0;0;0;8;4;12;2844;2347;5191;790;573;1363;98;77;175;3990;3181;7171
15/02/2016;281;351;632;193;186;379;19;23;42;13;11;24;17;16;33;6;11;17;0;0;0;4;6;10;1980;2121;4101;693;408;1101;139;123;262;3345;3256;6601
16/02/2016;320;352;672;176;195;371;28;32;60;13;11;24;14;31;45;8;8;16;0;0;0;10;14;24;1722;1959;3681;514;409;923;126;90;216;2931;3101;6032
17/02/2016;330;369;699;207;198;405;28;28;56;15;16;31;18;35;53;16;9;25;0;1;1;10;8;18;1817;1849;3666;467;390;857;144;120;264;3052;3023;6075
18/02/2016;302;376;678;220;226;446;29;35;64;15;13;28;15;18;33;9;11;20;0;0;0;12;7;19;1897;1863;3760;402;330;732;155;121;276;3056;3000;6056
19/02/2016;337;346;683;181;189;370;22;26;48;11;7;18;22;30;52;8;12;20;0;2;2;10;11;21;2092;2278;4370;455;528;983;170;148;318;3308;3577;6885
20/02/2016;179;159;338;149;122;271;22;21;43;11;11;22;9;15;24;5;7;12;0;0;0;19;6;25;1812;2576;4388;521;552;1073;109;100;209;2836;3569;6405
21/02/2016;133;109;242;64;36;100;7;11;18;7;4;11;22;7;29;8;3;11;0;0;0;11;2;13;3041;2505;5546;848;661;1509;99;74;173;4240;3412;7652
22/02/2016;315;383;698;177;201;378;25;27;52;10;17;27;21;22;43;11;13;24;0;0;0;19;6;25;2012;1988;4000;749;372;1121;111;111;222;3450;3140;6590
23/02/2016;294;335;629;191;166;357;30;28;58;18;12;30;19;26;45;5;9;14;0;0;0;9;2;11;1635;1811;3446;406;307;713;115;96;211;2722;2792;5514
24/02/2016;325;326;651;181;168;349;29;25;54;12;15;27;22;26;48;5;7;12;0;0;0;14;2;16;1757;1800;3557;462;383;845;124;108;232;2931;2860;5791
25/02/2016;309;376;685;185;213;398;34;21;55;15;18;33;10;37;47;7;8;15;1;0;1;9;10;19;1825;1842;3667;455;402;857;121;114;235;2971;3041;6012
26/02/2016;354;351;705;188;181;369;28;25;53;12;8;20;7;29;36;8;10;18;0;0;0;10;8;18;2114;2518;4632;512;543;1055;156;125;281;3389;3798;7187
27/02/2016;200;192;392;109;92;201;31;18;49;9;10;19;5;16;21;3;8;11;0;1;1;2;10;12;2022;2697;4719;532;664;1196;117;90;207;3030;3798;6828
28/02/2016;127;97;224;61;41;102;18;14;32;10;7;17;19;13;32;7;1;8;0;0;0;6;6;12;3211;2560;5771;867;641;1508;120;85;205;4446;3465;7911
29/02/2016;305;374;679;173;218;391;27;27;54;12;14;26;14;21;35;5;2;7;0;0;0;7;7;14;2096;2044;4140;783;464;1247;129;111;240;3551;3282;6833
01/03/2016;298;324;622;143;158;301;24;33;57;10;14;24;11;23;34;4;7;11;1;0;1;6;12;18;1709;1908;3617;501;444;945;160;107;267;2867;3030;5897
02/03/2016;345;363;708;181;180;361;26;26;52;14;15;29;6;31;37;5;3;8;0;0;0;2;5;7;1853;1845;3698;470;419;889;158;102;260;3060;2989;6049
03/03/2016;361;413;774;178;204;382;24;24;48;18;13;31;19;23;42;4;6;10;0;1;1;7;3;10;1857;1808;3665;493;378;871;150;101;251;3111;2974;6085
04/03/2016;343;382;725;172;151;323;25;28;53;14;15;29;17;23;40;10;7;17;0;0;0;11;6;17;2182;2535;4717;470;553;1023;173;124;297;3417;3824;7241
05/03/2016;210;206;416;117;116;233;17;26;43;5;7;12;7;23;30;11;10;21;0;1;1;8;14;22;1903;2735;4638;609;715;1324;141;93;234;3028;3946;6974
06/03/2016;162;133;295;60;38;98;13;7;20;8;3;11;11;10;21;3;6;9;0;1;1;6;3;9;3212;2590;5802;851;682;1533;132;77;209;4458;3550;8008
07/03/2016;327;385;712;132;175;307;24;28;52;10;20;30;13;15;28;5;5;10;0;0;0;8;1;9;2036;2067;4103;742;451;1193;145;121;266;3442;3268;6710
08/03/2016;336;363;699;165;179;344;28;31;59;11;10;21;14;32;46;1;9;10;1;0;1;6;9;15;1713;1913;3626;512;404;916;167;102;269;2954;3052;6006
09/03/2016;351;368;719;188;176;364;22;28;50;20;18;38;19;30;49;11;9;20;1;0;1;7;9;16;1838;1905;3743;451;360;811;133;102;235;3041;3005;6046
10/03/2016;348;446;794;191;208;399;33;32;65;17;19;36;19;29;48;4;10;14;0;0;0;11;10;21;1961;1925;3886;485;418;903;144;118;262;3213;3215;6428
11/03/2016;331;348;679;169;155;324;29;22;51;13;18;31;8;27;35;5;10;15;1;0;1;5;6;11;2272;2490;4762;457;547;1004;158;124;282;3448;3747;7195
12/03/2016;205;212;417;118;110;228;21;15;36;10;8;18;7;16;23;3;4;7;0;0;0;11;6;17;2041;2755;4796;512;637;1149;114;98;212;3042;3861;6903
13/03/2016;158;125;283;70;51;121;12;11;23;10;8;18;15;8;23;9;2;11;0;0;0;9;4;13;3044;2407;5451;770;575;1345;116;69;185;4213;3260;7473
14/03/2016;271;336;607;171;196;367;19;36;55;13;8;21;18;21;39;7;5;12;0;0;0;3;2;5;2040;1990;4030;678;369;1047;112;102;214;3332;3065;6397
15/03/2016;319;337;656;166;188;354;20;28;48;13;13;26;14;32;46;6;11;17;0;0;0;7;7;14;1765;1971;3736;446;356;802;110;92;202;2866;3035;5901
16/03/2016;325;377;702;193;185;378;33;37;70;15;16;31;10;31;41;5;8;13;0;0;0;7;1;8;1843;1945;3788;432;354;786;133;106;239;2996;3060;6056
17/03/2016;314;351;665;195;199;394;22;31;53;20;18;38;15;30;45;8;7;15;1;0;1;18;2;20;1785;1853;3638;420;322;742;120;128;248;2918;2941;5859
18/03/2016;355;365;720;173;159;332;22;27;49;12;16;28;5;36;41;4;14;18;0;0;0;14;6;20;2109;2538;4647;562;616;1178;146;114;260;3402;3891;7293
19/03/2016;179;205;384;91;86;177;20;16;36;7;7;14;7;9;16;4;4;8;0;0;0;8;5;13;1989;2752;4741;544;675;1219;117;101;218;2966;3860;6826
20/03/2016;204;148;352;70;44;114;18;8;26;8;3;11;13;6;19;4;2;6;0;0;0;6;4;10;3336;2439;5775;914;630;1544;143;89;232;4716;3373;8089
21/03/2016;291;362;653;154;201;355;22;28;50;17;16;33;12;22;34;6;4;10;0;0;0;7;3;10;1928;1982;3910;704;383;1087;142;108;250;3283;3109;6392
22/03/2016;357;360;717;183;183;366;16;31;47;10;14;24;14;26;40;3;5;8;0;0;0;5;4;9;1638;1880;3518;440;399;839;159;106;265;2825;3008;5833
23/03/2016;347;434;781;165;191;356;30;26;56;18;12;30;10;26;36;3;7;10;0;2;2;9;5;14;2230;2871;5101;477;484;961;172;114;286;3461;4172;7633
24/03/2016;369;321;690;176;159;335;33;27;60;15;17;32;11;25;36;4;10;14;0;0;0;6;9;15;2551;6734;9285;493;996;1489;162;190;352;3820;8488;12308
25/03/2016;122;95;217;45;37;82;11;11;22;4;5;9;8;10;18;4;5;9;0;0;0;3;3;6;2121;5107;7228;577;971;1548;67;82;149;2962;6326;9288
26/03/2016;93;123;216;54;63;117;6;10;16;2;8;10;12;8;20;5;3;8;0;0;0;11;0;11;2383;2407;4790;748;658;1406;58;69;127;3372;3349;6721
27/03/2016;210;167;377;80;41;121;17;6;23;5;2;7;20;10;30;3;0;3;0;0;0;4;1;5;9422;2530;11952;1227;577;1804;232;90;322;11220;3424;14644
28/03/2016;344;388;732;163;164;327;13;27;40;17;14;31;11;18;29;5;6;11;0;0;0;8;6;14;2846;1920;4766;898;434;1332;143;123;266;4448;3100;7548
29/03/2016;325;365;690;184;203;387;23;35;58;20;14;34;12;25;37;2;6;8;0;0;0;6;7;13;1736;1831;3567;429;298;727;120;111;231;2857;2895;5752
30/03/2016;282;292;574;167;163;330;27;27;54;18;9;27;11;29;40;10;12;22;2;0;2;9;6;15;1781;1768;3549;425;327;752;102;111;213;2834;2744;5578
31/03/2016;278;300;578;177;158;335;16;20;36;16;16;32;8;18;26;10;6;16;0;0;0;16;2;18;1796;1757;3553;391;352;743;98;147;245;2806;2776;5582
01/04/2016;269;254;523;164;128;292;20;17;37;16;16;32;19;16;35;7;2;9;0;0;0;10;5;15;2071;2088;4159;445;545;990;110;157;267;3131;3228;6359
02/04/2016;197;162;359;103;73;176;22;10;32;15;8;23;9;10;19;7;3;10;0;0;0;8;3;11;1797;2342;4139;450;585;1035;98;135;233;2706;3331;6037
03/04/2016;125;83;208;65;31;96;19;11;30;9;3;12;16;4;20;8;2;10;0;0;0;18;3;21;2594;2206;4800;693;566;1259;93;86;179;3640;2995;6635
04/04/2016;256;311;567;155;157;312;16;22;38;15;13;28;17;14;31;3;2;5;0;0;0;9;0;9;1846;1889;3735;691;453;1144;113;127;240;3121;2988;6109
05/04/2016;292;317;609;169;171;340;26;20;46;13;14;27;21;27;48;6;10;16;0;0;0;11;4;15;1602;1795;3397;462;390;852;87;88;175;2689;2836;5525
06/04/2016;322;330;652;180;166;346;24;23;47;20;16;36;8;38;46;9;7;16;0;0;0;7;10;17;1777;1825;3602;446;405;851;123;94;217;2916;2914;5830
07/04/2016;314;371;685;211;194;405;19;24;43;14;10;24;19;24;43;9;5;14;0;0;0;15;5;20;1836;1838;3674;457;397;854;85;100;185;2979;2968;5947
08/04/2016;322;343;665;187;170;357;20;29;49;14;13;27;14;20;34;4;4;8;0;0;0;11;7;18;1987;2345;4332;489;598;1087;112;107;219;3160;3636;6796
09/04/2016;183;173;356;116;103;219;23;16;39;12;12;24;10;11;21;8;6;14;0;0;0;14;1;15;1917;2716;4633;560;770;1330;93;92;185;2936;3900;6836
10/04/2016;161;121;282;78;51;129;13;5;18;4;2;6;10;10;20;4;1;5;0;0;0;4;5;9;3478;2691;6169;1021;753;1774;115;92;207;4888;3731;8619
11/04/2016;288;325;613;165;170;335;17;18;35;9;12;21;19;15;34;4;4;8;0;0;0;11;4;15;1949;1998;3947;737;367;1104;81;106;187;3280;3019;6299
12/04/2016;261;335;596;169;155;324;26;21;47;9;11;20;23;26;49;8;10;18;0;0;0;18;6;24;1585;1820;3405;504;454;958;126;107;233;2729;2945;5674
13/04/2016;304;331;635;160;183;343;24;32;56;21;19;40;18;34;52;9;8;17;0;0;0;10;6;16;1728;1739;3467;478;423;901;112;87;199;2864;2862;5726
14/04/2016;297;370;667;194;167;361;21;18;39;16;18;34;12;23;35;2;11;13;0;0;0;6;11;17;1824;1750;3574;478;401;879;119;115;234;2969;2884;5853
15/04/2016;302;342;644;201;164;365;30;31;61;20;16;36;8;25;33;5;6;11;0;0;0;11;5;16;2066;2299;4365;531;581;1112;122;105;227;3296;3574;6870
16/04/2016;212;200;412;134;100;234;22;18;40;3;9;12;8;23;31;2;9;11;0;0;0;9;9;18;1828;2693;4521;561;721;1282;84;89;173;2863;3871;6734
17/04/2016;156;111;267;57;43;100;16;9;25;6;1;7;13;0;13;5;3;8;0;0;0;17;7;24;3386;2643;6029;1054;785;1839;97;77;174;4807;3679;8486
18/04/2016;341;368;709;171;198;369;16;28;44;11;7;18;18;21;39;5;6;11;0;0;0;9;9;18;1888;1946;3834;725;395;1120;62;86;148;3246;3064;6310
19/04/2016;320;351;671;191;172;363;27;31;58;14;24;38;25;21;46;7;7;14;0;0;0;8;7;15;1559;1748;3307;483;424;907;95;102;197;2729;2887;5616
20/04/2016;337;396;733;166;173;339;24;27;51;15;9;24;20;17;37;8;11;19;0;0;0;12;14;26;2001;2320;4321;497;557;1054;130;113;243;3210;3637;6847
21/04/2016;186;240;426;127;105;232;17;24;41;3;8;11;16;18;34;8;1;9;0;0;0;7;8;15;2211;2825;5036;607;657;1264;88;114;202;3270;4000;7270
22/04/2016;269;230;499;178;150;328;21;21;42;12;7;19;14;24;38;9;4;13;0;0;0;4;4;8;1788;2204;3992;450;381;831;91;119;210;2836;3144;5980
23/04/2016;190;191;381;112;91;203;19;18;37;5;7;12;10;16;26;7;8;15;0;1;1;13;9;22;1889;2589;4478;571;676;1247;85;87;172;2901;3693;6594
24/04/2016;156;123;279;54;39;93;20;10;30;5;5;10;18;5;23;10;1;11;0;0;0;4;3;7;4182;2604;6786;948;695;1643;114;78;192;5511;3563;9074
25/04/2016;330;350;680;168;198;366;17;31;48;16;11;27;20;17;37;9;7;16;0;1;1;13;7;20;2093;2012;4105;750;443;1193;116;106;222;3532;3183;6715
26/04/2016;331;355;686;174;192;366;17;22;39;13;15;28;22;35;57;6;13;19;2;0;2;17;11;28;1554;1750;3304;526;439;965;107;99;206;2769;2931;5700
27/04/2016;324;357;681;209;165;374;19;30;49;8;9;17;16;40;56;5;12;17;0;0;0;6;5;11;1724;1770;3494;489;402;891;103;88;191;2903;2878;5781
28/04/2016;296;393;689;212;224;436;26;24;50;12;17;29;14;30;44;7;8;15;0;1;1;12;8;20;1858;1831;3689;507;422;929;93;95;188;3037;3053;6090
29/04/2016;323;321;644;194;165;359;24;33;57;22;20;42;21;24;45;5;10;15;0;1;1;18;10;28;2214;2426;4640;501;542;1043;103;127;230;3425;3679;7104
30/04/2016;217;198;415;132;95;227;26;19;45;8;20;28;14;19;33;7;8;15;0;0;0;12;7;19;1874;2685;4559;555;722;1277;105;102;207;2950;3875;6825
01/05/2016;177;146;323;77;56;133;13;13;26;14;5;19;27;17;44;12;1;13;1;1;2;13;3;16;3327;2668;5995;833;610;1443;101;85;186;4595;3605;8200
02/05/2016;271;344;615;172;194;366;10;30;40;13;8;21;18;23;41;11;5;16;0;0;0;15;3;18;1997;1985;3982;752;412;1164;110;95;205;3369;3099;6468
03/05/2016;334;340;674;192;203;395;19;29;48;19;16;35;13;30;43;5;4;9;0;0;0;13;5;18;1795;1947;3742;515;385;900;106;89;195;3011;3048;6059
04/05/2016;348;358;706;187;169;356;33;25;58;20;22;42;18;31;49;4;11;15;0;0;0;18;10;28;1967;1903;3870;518;447;965;87;100;187;3200;3076;6276
05/05/2016;320;415;735;222;211;433;19;31;50;17;19;36;12;37;49;10;9;19;0;1;1;8;6;14;1901;2049;3950;493;361;854;106;117;223;3108;3256;6364
06/05/2016;347;362;709;200;192;392;33;29;62;15;14;29;11;31;42;10;9;19;0;0;0;22;16;38;2252;2904;5156;503;586;1089;147;113;260;3540;4256;7796
07/05/2016;209;234;443;119;121;240;22;23;45;10;14;24;7;19;26;5;7;12;0;0;0;12;12;24;2165;3933;6098;601;915;1516;129;123;252;3279;5401;8680
08/05/2016;141;93;234;67;37;104;8;10;18;12;4;16;12;5;17;4;7;11;0;0;0;15;3;18;4661;2990;7651;1049;715;1764;112;64;176;6081;3928;10009
09/05/2016;329;354;683;187;204;391;21;33;54;17;11;28;18;22;40;13;5;18;0;0;0;13;5;18;2468;2060;4528;884;363;1247;99;113;212;4049;3170;7219
10/05/2016;294;362;656;184;193;377;23;30;53;15;27;42;22;26;48;8;15;23;0;0;0;11;14;25;1728;1886;3614;521;425;946;96;97;193;2902;3075;5977
11/05/2016;324;294;618;188;180;368;24;24;48;20;18;38;11;29;40;10;11;21;0;0;0;26;9;35;1723;1763;3486;408;337;745;112;98;210;2846;2763;5609
12/05/2016;305;378;683;194;202;396;22;24;46;12;16;28;21;25;46;10;7;17;1;0;1;17;5;22;1772;1896;3668;444;347;791;94;112;206;2892;3012;5904
13/05/2016;318;332;650;200;186;386;30;41;71;28;13;41;19;41;60;12;18;30;1;0;1;14;9;23;2102;2182;4284;457;528;985;121;134;255;3302;3484;6786
14/05/2016;183;174;357;129;101;230;18;25;43;11;17;28;12;24;36;7;10;17;1;0;1;10;8;18;1961;2763;4724;608;690;1298;93;102;195;3033;3914;6947
15/05/2016;144;121;265;68;38;106;11;7;18;8;4;12;18;13;31;10;3;13;0;0;0;15;5;20;3213;2517;5730;875;640;1515;97;71;168;4459;3419;7878
16/05/2016;300;357;657;175;202;377;14;42;56;18;16;34;18;24;42;11;8;19;0;0;0;22;2;24;2013;1984;3997;760;468;1228;102;108;210;3433;3211;6644
17/05/2016;298;350;648;195;180;375;27;29;56;16;11;27;13;18;31;8;11;19;2;0;2;19;4;23;1647;1840;3487;468;416;884;93;88;181;2786;2947;5733
18/05/2016;340;381;721;212;174;386;22;26;48;27;25;52;26;37;63;11;11;22;0;2;2;12;8;20;1704;1796;3500;484;392;876;111;95;206;2949;2947;5896
19/05/2016;300;360;660;172;190;362;25;41;66;12;18;30;14;30;44;11;5;16;0;1;1;17;12;29;1817;1807;3624;472;383;855;90;96;186;2930;2943;5873
20/05/2016;332;335;667;189;147;336;20;28;48;21;16;37;15;30;45;9;9;18;0;0;0;17;10;27;2061;2312;4373;490;534;1024;114;113;227;3268;3534;6802
21/05/2016;217;217;434;130;117;247;16;18;34;14;13;27;12;20;32;15;8;23;0;0;0;16;6;22;1853;2591;4444;567;729;1296;87;96;183;2927;3815;6742
22/05/2016;167;135;302;72;43;115;12;14;26;7;8;15;16;10;26;10;4;14;0;1;1;11;2;13;3000;2262;5262;734;594;1328;93;73;166;4122;3146;7268
23/05/2016;322;377;699;172;225;397;17;33;50;13;16;29;24;29;53;15;8;23;0;0;0;14;2;16;1949;1928;3877;735;431;1166;93;100;193;3354;3149;6503
24/05/2016;319;387;706;190;175;365;29;35;64;22;18;40;31;38;69;9;10;19;0;1;1;8;15;23;1667;1767;3434;492;423;915;90;93;183;2857;2962;5819
25/05/2016;329;389;718;235;198;433;31;26;57;14;24;38;19;34;53;14;4;18;0;0;0;14;8;22;2111;2300;4411;483;504;987;141;103;244;3391;3590;6981
26/05/2016;202;230;432;117;116;233;24;15;39;7;10;17;9;15;24;9;11;20;0;1;1;8;7;15;2096;2718;4814;581;594;1175;61;80;141;3114;3797;6911
27/05/2016;285;335;620;178;182;360;21;33;54;8;16;24;18;28;46;8;11;19;0;0;0;19;6;25;1841;2256;4097;551;509;1060;122;107;229;3051;3483;6534
28/05/2016;214;213;427;116;107;223;19;27;46;11;15;26;8;23;31;3;10;13;0;0;0;16;9;25;1790;2564;4354;516;687;1203;99;110;209;2792;3765;6557
29/05/2016;189;167;356;93;62;155;14;11;25;9;9;18;14;13;27;9;6;15;0;0;0;11;5;16;4050;2305;6355;869;527;1396;143;91;234;5401;3196;8597
30/05/2016;303;374;677;169;211;380;20;33;53;20;14;34;20;26;46;10;12;22;0;0;0;32;6;38;2120;1993;4113;751;390;1141;90;109;199;3535;3168;6703
31/05/2016;259;309;568;196;178;374;29;36;65;19;16;35;18;34;52;16;7;23;0;0;0;17;6;23;1616;1777;3393;470;350;820;82;101;183;2722;2814;5536
01/06/2016;312;327;639;184;160;344;24;32;56;15;14;29;19;41;60;13;10;23;0;0;0;17;6;23;1742;1769;3511;479;403;882;123;109;232;2928;2871;5799
02/06/2016;321;374;695;185;207;392;33;30;63;22;15;37;21;35;56;11;17;28;0;0;0;20;8;28;1878;1912;3790;470;421;891;142;111;253;3103;3130;6233
03/06/2016;325;312;637;178;161;339;24;31;55;21;16;37;24;45;69;19;6;25;0;0;0;20;9;29;2115;2441;4556;515;565;1080;125;119;244;3366;3705;7071
04/06/2016;227;204;431;111;110;221;19;17;36;10;11;21;16;31;47;10;5;15;0;0;0;21;3;24;1922;2863;4785;578;718;1296;104;97;201;3018;4059;7077
05/06/2016;145;129;274;57;37;94;7;10;17;7;10;17;20;21;41;12;0;12;0;0;0;15;2;17;3163;2333;5496;791;550;1341;97;67;164;4314;3159;7473
06/06/2016;302;361;663;157;193;350;20;36;56;18;11;29;23;31;54;13;8;21;0;0;0;23;11;34;2038;2010;4048;763;375;1138;88;118;206;3445;3154;6599
07/06/2016;295;362;657;183;189;372;28;45;73;16;9;25;20;42;62;9;8;17;1;0;1;16;7;23;1677;1901;3578;497;374;871;99;96;195;2841;3033;5874
08/06/2016;323;341;664;196;202;398;23;35;58;16;21;37;18;53;71;5;7;12;0;0;0;14;7;21;1859;1935;3794;448;408;856;136;101;237;3038;3110;6148
09/06/2016;336;398;734;198;205;403;23;29;52;17;16;33;26;29;55;13;11;24;0;0;0;17;5;22;1887;1825;3712;464;393;857;86;106;192;3067;3017;6084
10/06/2016;351;357;708;217;190;407;27;37;64;20;19;39;28;38;66;12;8;20;0;0;0;19;5;24;2069;2599;4668;523;606;1129;112;124;236;3378;3983;7361
11/06/2016;230;215;445;122;109;231;19;34;53;17;17;34;16;38;54;3;6;9;0;0;0;18;8;26;1940;2990;4930;580;707;1287;78;111;189;3023;4235;7258
12/06/2016;151;110;261;81;44;125;14;8;22;8;6;14;17;4;21;14;8;22;0;0;0;19;4;23;3392;2532;5924;794;616;1410;84;71;155;4574;3403;7977
13/06/2016;335;392;727;166;192;358;22;25;47;15;7;22;21;28;49;8;12;20;0;0;0;21;5;26;2277;2011;4288;778;457;1235;98;94;192;3741;3223;6964
14/06/2016;300;354;654;216;197;413;20;55;75;17;16;33;24;44;68;8;8;16;1;0;1;11;6;17;1722;1832;3554;504;379;883;113;95;208;2936;2986;5922
15/06/2016;331;392;723;208;228;436;24;33;57;15;21;36;20;42;62;8;10;18;1;0;1;19;6;25;1797;2041;3838;471;474;945;119;113;232;3013;3360;6373
16/06/2016;313;401;714;175;202;377;32;36;68;17;21;38;28;33;61;14;15;29;0;0;0;5;6;11;1922;1878;3800;479;410;889;144;101;245;3129;3103;6232
17/06/2016;324;348;672;191;178;369;26;35;61;18;24;42;18;30;48;5;14;19;0;0;0;9;10;19;2124;2527;4651;502;612;1114;131;123;254;3348;3901;7249
18/06/2016;212;215;427;128;103;231;29;20;49;7;17;24;14;25;39;10;5;15;0;0;0;12;9;21;1841;2867;4708;565;758;1323;108;96;204;2926;4115;7041
19/06/2016;164;125;289;59;37;96;17;20;37;10;7;17;16;8;24;9;4;13;0;0;0;14;4;18;3472;2477;5949;834;547;1381;136;67;203;4731;3296;8027
20/06/2016;296;366;662;124;173;297;21;25;46;21;9;30;16;35;51;7;13;20;0;0;0;17;2;19;1969;1993;3962;777;417;1194;118;91;209;3366;3124;6490
21/06/2016;333;368;701;183;196;379;22;42;64;17;11;28;23;42;65;4;15;19;0;0;0;4;11;15;1619;1835;3454;461;402;863;133;92;225;2799;3014;5813
22/06/2016;315;370;685;205;208;413;29;39;68;17;18;35;8;33;41;8;14;22;0;0;0;9;11;20;1723;1856;3579;471;391;862;134;80;214;2919;3020;5939
23/06/2016;320;387;707;172;206;378;33;36;69;22;17;39;16;38;54;8;16;24;0;0;0;10;8;18;1775;1844;3619;466;415;881;136;99;235;2958;3066;6024
24/06/2016;287;336;623;149;185;334;29;45;74;18;18;36;12;31;43;10;14;24;0;0;0;9;8;17;2008;2655;4663;478;523;1001;180;150;330;3180;3965;7145
25/06/2016;196;204;400;105;79;184;20;26;46;13;15;28;12;37;49;2;11;13;0;0;0;9;5;14;1943;3065;5008;560;736;1296;123;93;216;2983;4271;7254
26/06/2016;169;123;292;66;40;106;10;24;34;11;13;24;18;8;26;9;8;17;0;0;0;10;2;12;3600;2247;5847;833;577;1410;130;59;189;4856;3101;7957
27/06/2016;321;400;721;170;211;381;17;28;45;19;14;33;17;30;47;14;13;27;1;0;1;12;4;16;2077;2086;4163;748;395;1143;157;107;264;3553;3288;6841
28/06/2016;286;361;647;127;180;307;18;49;67;9;29;38;18;43;61;8;7;15;0;0;0;6;8;14;1684;1962;3646;503;349;852;141;99;240;2800;3087;5887
29/06/2016;323;369;692;165;194;359;30;51;81;13;19;32;14;53;67;10;8;18;0;0;0;7;7;14;1856;1897;3753;446;345;791;168;108;276;3032;3051;6083
30/06/2016;313;382;695;185;197;382;37;41;78;13;22;35;21;31;52;3;12;15;0;1;1;8;8;16;2022;1981;4003;475;406;881;167;128;295;3244;3209;6453
01/07/2016;314;324;638;169;173;342;23;32;55;15;12;27;10;39;49;6;12;18;1;1;2;9;14;23;2323;2803;5126;529;566;1095;176;104;280;3575;4080;7655
02/07/2016;221;204;425;93;105;198;23;29;52;5;15;20;6;30;36;4;10;14;0;1;1;12;18;30;2101;3336;5437;593;709;1302;131;111;242;3189;4568;7757
03/07/2016;149;127;276;58;40;98;18;15;33;7;15;22;10;12;22;4;4;8;0;0;0;2;0;2;3625;2528;6153;824;585;1409;154;75;229;4851;3401;8252
04/07/2016;270;320;590;156;199;355;15;35;50;19;9;28;12;22;34;4;7;11;0;0;0;5;5;10;2335;2218;4553;769;422;1191;147;100;247;3732;3337;7069
05/07/2016;290;326;616;155;198;353;25;49;74;16;29;45;15;41;56;8;11;19;0;0;0;1;10;11;1910;2025;3935;489;367;856;147;104;251;3056;3160;6216
06/07/2016;311;332;643;169;201;370;30;40;70;18;22;40;18;31;49;7;4;11;0;0;0;8;16;24;1990;2043;4033;454;345;799;172;105;277;3177;3139;6316
07/07/2016;289;345;634;171;179;350;16;39;55;14;15;29;16;34;50;7;14;21;0;0;0;7;8;15;2097;2232;4329;462;367;829;164;94;258;3243;3327;6570
08/07/2016;316;347;663;145;181;326;36;42;78;9;15;24;9;51;60;5;14;19;0;0;0;2;15;17;2317;2978;5295;493;559;1052;187;143;330;3519;4345;7864
09/07/2016;243;240;483;101;89;190;20;19;39;8;12;20;8;20;28;6;9;15;0;0;0;4;12;16;2245;3407;5652;561;685;1246;165;116;281;3361;4609;7970
10/07/2016;182;144;326;72;47;119;13;9;22;13;9;22;13;11;24;5;5;10;0;0;0;8;2;10;3707;2655;6362;829;543;1372;140;84;224;4982;3509;8491
11/07/2016;295;331;626;167;197;364;30;36;66;11;12;23;7;39;46;2;8;10;0;0;0;4;11;15;2478;2367;4845;720;400;1120;154;119;273;3868;3520;7388
12/07/2016;290;336;626;158;171;329;30;35;65;11;8;19;21;41;62;9;10;19;0;0;0;4;7;11;1971;2211;4182;480;360;840;173;90;263;3147;3269;6416
13/07/2016;320;315;635;168;220;388;24;35;59;8;18;26;10;28;38;6;10;16;0;1;1;7;8;15;2072;2271;4343;459;343;802;172;99;271;3246;3348;6594
14/07/2016;324;377;701;158;209;367;23;35;58;13;29;42;6;34;40;2;13;15;0;0;0;6;13;19;2209;2319;4528;447;359;806;162;108;270;3350;3496;6846
15/07/2016;346;355;701;161;191;352;23;40;63;13;16;29;10;34;44;4;18;22;1;0;1;4;7;11;2432;3425;5857;484;565;1049;203;156;359;3681;4807;8488
16/07/2016;219;193;412;96;95;191;18;23;41;7;16;23;3;24;27;4;6;10;0;0;0;6;8;14;2291;3585;5876;606;746;1352;140;119;259;3390;4815;8205
17/07/2016;180;148;328;73;50;123;13;13;26;3;11;14;9;14;23;4;7;11;0;1;1;3;10;13;4452;2723;7175;919;550;1469;193;89;282;5849;3616;9465
18/07/2016;280;311;591;121;200;321;21;21;42;8;11;19;19;24;43;6;9;15;0;1;1;3;8;11;2728;2374;5102;752;343;1095;163;115;278;4101;3417;7518
19/07/2016;287;356;643;156;166;322;31;43;74;17;17;34;18;39;57;10;13;23;0;0;0;4;23;27;2025;2118;4143;472;370;842;166;120;286;3186;3265;6451
20/07/2016;276;318;594;154;159;313;25;36;61;18;15;33;8;32;40;2;4;6;0;0;0;4;11;15;2149;2251;4400;476;369;845;200;101;301;3312;3296;6608
21/07/2016;290;363;653;130;182;312;24;32;56;13;18;31;13;41;54;7;16;23;0;0;0;2;14;16;2219;2354;4573;423;343;766;179;114;293;3300;3477;6777
22/07/2016;352;318;670;150;164;314;22;36;58;16;18;34;13;47;60;4;15;19;0;0;0;3;7;10;2487;3080;5567;449;548;997;204;143;347;3700;4376;8076
23/07/2016;223;236;459;92;96;188;26;26;52;5;7;12;2;27;29;4;6;10;0;0;0;4;16;20;2239;3481;5720;551;680;1231;137;112;249;3283;4687;7970
24/07/2016;164;149;313;64;53;117;21;4;25;9;5;14;7;23;30;4;6;10;0;0;0;7;8;15;4225;2773;6998;844;532;1376;148;93;241;5493;3646;9139
25/07/2016;295;341;636;132;206;338;18;31;49;13;17;30;9;23;32;3;5;8;0;0;0;3;7;10;2661;2559;5220;776;385;1161;168;105;273;4078;3679;7757
26/07/2016;284;306;590;151;183;334;30;34;64;13;16;29;21;47;68;5;10;15;0;0;0;0;9;9;2286;2196;4482;492;372;864;181;98;279;3463;3271;6734
27/07/2016;298;345;643;147;170;317;20;40;60;18;12;30;9;36;45;6;8;14;0;0;0;4;10;14;2171;2189;4360;448;346;794;210;99;309;3331;3255;6586
28/07/2016;305;391;696;151;183;334;20;35;55;8;21;29;14;47;61;3;9;12;0;0;0;4;9;13;2348;2286;4634;425;358;783;197;120;317;3475;3459;6934
29/07/2016;331;344;675;138;139;277;18;31;49;15;27;42;13;52;65;7;14;21;0;0;0;4;13;17;2474;3144;5618;495;497;992;179;149;328;3674;4410;8084
30/07/2016;236;232;468;91;93;184;25;29;54;10;8;18;3;19;22;3;11;14;0;0;0;9;9;18;2305;3504;5809;563;678;1241;179;107;286;3424;4690;8114
31/07/2016;187;152;339;54;47;101;12;6;18;4;13;17;11;12;23;2;3;5;0;1;1;11;2;13;4570;2830;7400;830;507;1337;176;69;245;5857;3642;9499
01/08/2016;290;362;652;125;189;314;20;35;55;8;14;22;18;33;51;10;6;16;0;0;0;4;9;13;2533;2199;4732;795;386;1181;179;98;277;3982;3331;7313
02/08/2016;300;355;655;159;164;323;15;26;41;16;17;33;14;50;64;3;14;17;0;0;0;3;6;9;1948;2050;3998;447;330;777;199;107;306;3104;3119;6223
03/08/2016;319;331;650;136;175;311;26;22;48;11;19;30;15;37;52;2;9;11;0;0;0;1;15;16;1862;2047;3909;470;381;851;210;103;313;3052;3139;6191
04/08/2016;300;377;677;159;175;334;23;25;48;11;19;30;13;42;55;4;7;11;0;0;0;5;5;10;2074;2128;4202;446;383;829;184;105;289;3219;3266;6485
05/08/2016;322;340;662;129;159;288;14;33;47;17;17;34;9;45;54;8;10;18;0;0;0;7;16;23;2264;2589;4853;499;539;1038;174;120;294;3443;3868;7311
06/08/2016;227;218;445;79;106;185;25;9;34;11;11;22;7;30;37;2;4;6;0;0;0;8;9;17;2107;2836;4943;524;648;1172;166;109;275;3156;3980;7136
07/08/2016;178;137;315;55;38;93;17;12;29;7;8;15;11;13;24;5;11;16;0;0;0;10;3;13;3205;2342;5547;781;519;1300;144;87;231;4413;3170;7583
08/08/2016;304;368;672;127;180;307;18;21;39;12;15;27;21;25;46;2;10;12;0;1;1;4;6;10;2252;2081;4333;729;405;1134;194;118;312;3663;3230;6893
09/08/2016;317;370;687;145;193;338;19;46;65;13;32;45;6;34;40;3;10;13;0;0;0;2;7;9;1775;1885;3660;504;362;866;170;102;272;2954;3041;5995
10/08/2016;358;364;722;149;191;340;18;31;49;20;22;42;20;30;50;4;7;11;0;0;0;3;10;13;1871;2012;3883;433;347;780;210;91;301;3086;3105;6191
11/08/2016;336;392;728;128;226;354;23;48;71;14;22;36;20;29;49;2;5;7;1;0;1;5;7;12;1922;2167;4089;426;346;772;196;106;302;3073;3348;6421
12/08/2016;373;383;756;137;181;318;21;38;59;16;13;29;14;31;45;4;12;16;0;0;0;2;8;10;2311;3385;5696;487;551;1038;213;136;349;3578;4738;8316
13/08/2016;239;217;456;83;144;227;24;23;47;14;10;24;11;27;38;3;17;20;0;0;0;6;14;20;2180;4624;6804;554;843;1397;201;108;309;3315;6027;9342
14/08/2016;142;102;244;50;57;107;9;18;27;7;9;16;9;18;27;1;12;13;0;0;0;5;1;6;3224;2977;6201;771;589;1360;140;66;206;4358;3849;8207
15/08/2016;210;240;450;73;125;198;15;36;51;11;13;24;17;27;44;4;3;7;0;0;0;2;5;7;4970;2411;7381;943;429;1372;163;106;269;6408;3395;9803
16/08/2016;280;335;615;128;165;293;16;35;51;8;17;25;14;33;47;7;8;15;0;0;0;2;7;9;2225;1933;4158;651;376;1027;211;101;312;3542;3010;6552
17/08/2016;305;361;666;123;180;303;13;36;49;22;14;36;8;34;42;7;11;18;1;0;1;3;8;11;1806;1965;3771;453;326;779;222;109;331;2963;3044;6007
18/08/2016;282;371;653;128;166;294;19;33;52;13;26;39;20;38;58;3;9;12;0;0;0;2;12;14;1900;1987;3887;424;351;775;213;110;323;3004;3103;6107
19/08/2016;349;320;669;132;155;287;16;36;52;11;17;28;8;39;47;4;14;18;0;0;0;2;16;18;2084;2641;4725;471;487;958;204;131;335;3281;3856;7137
20/08/2016;198;216;414;98;79;177;19;27;46;4;12;16;12;32;44;4;11;15;0;0;0;4;6;10;1818;2692;4510;503;645;1148;176;96;272;2836;3816;6652
21/08/2016;161;135;296;58;50;108;10;13;23;6;12;18;8;11;19;0;1;1;0;0;0;5;7;12;3231;2242;5473;721;450;1171;153;89;242;4353;3010;7363
22/08/2016;309;344;653;113;189;302;17;32;49;8;7;15;10;28;38;1;7;8;0;0;0;9;4;13;2014;2025;4039;671;368;1039;193;91;284;3345;3095;6440
23/08/2016;315;373;688;132;189;321;26;36;62;11;20;31;14;44;58;2;18;20;0;0;0;3;7;10;1737;1885;3622;475;332;807;195;114;309;2910;3018;5928
24/08/2016;337;366;703;139;164;303;31;30;61;11;30;41;7;34;41;3;12;15;0;0;0;3;7;10;1677;1839;3516;433;359;792;210;96;306;2851;2937;5788
25/08/2016;324;376;700;152;205;357;22;32;54;15;17;32;9;48;57;6;8;14;1;0;1;3;5;8;1857;1944;3801;424;355;779;198;116;314;3011;3106;6117
26/08/2016;335;361;696;147;174;321;23;36;59;20;20;40;18;34;52;2;16;18;0;0;0;4;10;14;2137;2519;4656;483;518;1001;212;107;319;3381;3795;7176
27/08/2016;203;214;417;86;92;178;22;32;54;9;10;19;6;35;41;2;5;7;0;0;0;5;4;9;1823;2800;4623;545;669;1214;156;84;240;2857;3945;6802
28/08/2016;146;136;282;59;36;95;11;13;24;12;4;16;10;11;21;2;2;4;0;1;1;6;0;6;3205;2256;5461;732;470;1202;164;53;217;4347;2982;7329
29/08/2016;268;346;614;128;187;315;17;34;51;4;11;15;12;28;40;1;13;14;0;0;0;6;6;12;2142;2128;4270;657;348;1005;195;117;312;3430;3218;6648
30/08/2016;251;303;554;131;164;295;23;51;74;15;14;29;15;29;44;4;14;18;0;0;0;6;5;11;1741;1863;3604;454;353;807;209;102;311;2849;2898;5747
31/08/2016;279;319;598;169;169;338;23;45;68;6;20;26;12;24;36;4;8;12;0;1;1;2;10;12;1742;1898;3640;479;357;836;234;98;332;2950;2949;5899
01/09/2016;295;349;644;119;169;288;16;45;61;10;20;30;3;31;34;4;10;14;1;0;1;2;7;9;1915;1988;3903;456;359;815;206;104;310;3027;3082;6109
02/09/2016;327;358;685;136;136;272;25;43;68;9;23;32;9;31;40;2;15;17;0;0;0;3;14;17;2072;2732;4804;493;543;1036;269;133;402;3345;4028;7373
03/09/2016;202;214;416;85;86;171;17;21;38;9;12;21;5;16;21;3;13;16;1;0;1;3;10;13;2008;3082;5090;546;713;1259;189;97;286;3068;4264;7332
04/09/2016;175;141;316;52;44;96;17;6;23;7;12;19;6;12;18;2;0;2;0;0;0;2;4;6;3466;2495;5961;770;499;1269;204;74;278;4701;3287;7988
05/09/2016;277;378;655;126;219;345;17;51;68;9;10;19;6;25;31;1;6;7;0;0;0;6;5;11;2171;2190;4361;707;388;1095;236;128;364;3556;3400;6956
06/09/2016;283;343;626;129;177;306;24;33;57;11;17;28;8;32;40;0;11;11;0;0;0;3;11;14;1889;2342;4231;471;446;917;225;97;322;3043;3509;6552
07/09/2016;184;185;369;83;83;166;18;26;44;4;16;20;4;13;17;6;8;14;0;0;0;0;8;8;2080;2120;4200;496;426;922;164;58;222;3039;2943;5982
08/09/2016;278;430;708;165;244;409;30;41;71;10;24;34;5;44;49;2;23;25;0;0;0;6;9;15;2162;2148;4310;549;401;950;212;171;383;3419;3535;6954
09/09/2016;0;0;0;0;0;0;0;0;0;0;0;0;0;0;0;0;0;0;0;0;0;0;0;0;0;0;0;0;0;0;0;0;0;0;0;0
10/09/2016;230;239;469;94;96;190;14;35;49;2;16;18;5;18;23;1;11;12;0;1;1;4;11;15;1981;3204;5185;543;670;1213;247;101;348;3121;4402;7523
11/09/2016;187;161;348;71;47;118;8;7;15;7;6;13;13;7;20;0;5;5;0;0;0;3;4;7;3781;2437;6218;784;477;1261;163;75;238;5017;3226;8243
12/09/2016;311;353;664;116;190;306;22;36;58;9;21;30;3;17;20;3;6;9;0;0;0;3;4;7;2289;2166;4455;747;365;1112;222;126;348;3725;3284;7009
13/09/2016;305;381;686;123;189;312;21;32;53;8;18;26;6;27;33;3;17;20;0;0;0;4;10;14;1765;2013;3778;457;377;834;207;101;308;2899;3165;6064
14/09/2016;332;372;704;148;200;348;34;44;78;11;17;28;12;37;49;2;9;11;0;0;0;3;3;6;1937;2166;4103;468;410;878;200;119;319;3147;3377;6524
15/09/2016;312;400;712;146;173;319;28;27;55;15;16;31;14;32;46;6;12;18;1;0;1;6;25;31;2003;2028;4031;465;358;823;228;113;341;3224;3184;6408
16/09/2016;335;346;681;142;151;293;18;37;55;13;15;28;11;26;37;2;15;17;0;0;0;4;9;13;2188;2731;4919;482;536;1018;220;130;350;3415;3996;7411
17/09/2016;234;217;451;83;112;195;18;32;50;8;19;27;8;29;37;2;11;13;0;0;0;6;15;21;2098;3222;5320;518;633;1151;169;103;272;3144;4393;7537
18/09/2016;198;190;388;85;56;141;21;9;30;6;4;10;8;12;20;3;4;7;0;0;0;3;0;3;3585;2373;5958;1943;679;2622;233;97;330;6085;3424;9509
19/09/2016;299;347;646;131;192;323;12;26;38;7;5;12;11;26;37;2;4;6;0;0;0;7;3;10;2243;2125;4368;772;411;1183;217;123;340;3701;3262;6963
20/09/2016;316;360;676;124;157;281;18;33;51;9;15;24;9;33;42;1;10;11;0;1;1;4;8;12;1719;1929;3648;479;374;853;206;113;319;2885;3033;5918
21/09/2016;321;385;706;136;152;288;17;29;46;10;11;21;9;36;45;2;10;12;0;0;0;2;8;10;1826;1886;3712;448;346;794;220;98;318;2991;2961;5952
22/09/2016;329;419;748;143;193;336;22;32;54;4;15;19;11;24;35;1;7;8;0;0;0;4;13;17;1927;1961;3888;435;349;784;211;106;317;3087;3119;6206
23/09/2016;352;374;726;156;157;313;21;41;62;8;19;27;13;30;43;5;10;15;0;0;0;4;12;16;2292;2612;4904;414;476;890;260;127;387;3525;3858;7383
24/09/2016;218;233;451;85;99;184;16;25;41;8;19;27;7;25;32;1;10;11;0;0;0;2;10;12;2329;3017;5346;547;655;1202;206;114;320;3419;4207;7626
25/09/2016;245;235;480;56;52;108;14;9;23;5;6;11;6;11;17;3;2;5;0;0;0;0;5;5;3766;3121;6887;817;545;1362;253;105;358;5165;4091;9256
26/09/2016;303;348;651;112;198;310;20;38;58;7;12;19;5;17;22;2;6;8;0;0;0;1;1;2;2144;2216;4360;675;378;1053;235;105;340;3504;3319;6823
27/09/2016;307;397;704;110;161;271;17;41;58;7;14;21;8;43;51;1;10;11;0;0;0;1;18;19;1688;2043;3731;476;375;851;279;107;386;2894;3209;6103
28/09/2016;328;361;689;124;200;324;26;37;63;10;23;33;12;30;42;1;8;9;0;0;0;2;4;6;1904;2171;4075;440;357;797;259;113;372;3106;3304;6410
29/09/2016;290;409;699;112;186;298;19;37;56;12;16;28;10;33;43;2;12;14;0;1;1;1;8;9;1876;2593;4469;427;356;783;253;130;383;3002;3781;6783
30/09/2016;349;419;768;150;156;306;20;41;61;10;9;19;3;43;46;1;8;9;0;0;0;1;6;7;2546;4442;6988;515;677;1192;343;176;519;3938;5977;9915
01/10/2016;224;208;432;68;72;140;23;20;43;13;13;26;10;18;28;1;8;9;0;0;0;2;14;16;2389;5454;7843;523;1017;1540;236;139;375;3489;6963;10452
02/10/2016;134;98;232;21;22;43;12;9;21;5;2;7;8;9;17;0;7;7;0;0;0;2;3;5;5555;3706;9261;1287;758;2045;181;53;234;7205;4667;11872
03/10/2016;315;349;664;105;173;278;10;36;46;11;18;29;11;16;27;0;8;8;0;0;0;6;2;8;4918;2137;7055;1085;361;1446;229;137;366;6690;3237;9927
04/10/2016;352;369;721;120;150;270;15;32;47;8;11;19;11;36;47;4;13;17;1;0;1;0;5;5;2513;2098;4611;605;352;957;232;110;342;3861;3176;7037
05/10/2016;351;389;740;132;169;301;22;32;54;9;20;29;6;27;33;2;8;10;0;0;0;3;6;9;2132;2101;4233;463;376;839;230;98;328;3350;3226;6576
06/10/2016;293;378;671;128;209;337;13;48;61;5;21;26;10;28;38;3;7;10;0;0;0;2;16;18;2068;2023;4091;479;400;879;290;107;397;3291;3237;6528
07/10/2016;332;388;720;138;179;317;26;41;67;8;23;31;12;39;51;3;11;14;0;0;0;1;11;12;2366;2712;5078;548;588;1136;295;140;435;3729;4132;7861
08/10/2016;244;261;505;118;136;254;27;30;57;17;19;36;8;31;39;0;3;3;0;0;0;1;8;9;2160;3161;5321;611;627;1238;306;147;453;3492;4423;7915
09/10/2016;236;193;429;74;53;127;13;7;20;4;6;10;13;12;25;2;0;2;0;0;0;0;6;6;3817;2849;6666;712;513;1225;244;87;331;5115;3726;8841
10/10/2016;324;378;702;126;225;351;20;46;66;7;9;16;11;35;46;2;10;12;0;1;1;5;4;9;2192;2334;4526;736;433;1169;273;120;393;3696;3595;7291
11/10/2016;314;420;734;126;160;286;16;38;54;13;17;30;6;33;39;3;8;11;0;0;0;4;8;12;1960;2378;4338;482;469;951;233;127;360;3157;3658;6815
12/10/2016;190;178;368;106;94;200;20;21;41;4;15;19;6;23;29;2;4;6;0;1;1;2;5;7;2360;2503;4863;527;434;961;267;93;360;3484;3371;6855
13/10/2016;335;431;766;158;233;391;24;36;60;8;13;21;12;31;43;2;17;19;0;0;0;5;8;13;2032;2375;4407;527;398;925;258;116;374;3361;3658;7019
14/10/2016;403;430;833;257;297;554;18;41;59;12;20;32;7;33;40;2;3;5;0;0;0;1;18;19;2450;2921;5371;528;565;1093;327;142;469;4005;4470;8475
15/10/2016;266;308;574;94;142;236;23;26;49;6;21;27;5;32;37;1;7;8;0;1;1;5;3;8;2282;3645;5927;521;763;1284;249;153;402;3452;5101;8553
16/10/2016;263;200;463;67;58;125;20;14;34;2;4;6;1;6;7;0;2;2;0;1;1;0;14;14;4301;2693;6994;843;531;1374;290;122;412;5787;3645;9432
17/10/2016;336;369;705;147;203;350;21;38;59;7;11;18;9;27;36;2;3;5;0;0;0;1;4;5;2370;2172;4542;790;413;1203;305;148;453;3988;3388;7376
18/10/2016;305;372;677;114;182;296;17;28;45;9;15;24;8;28;36;3;12;15;1;0;1;3;7;10;1623;1851;3474;486;357;843;257;114;371;2826;2966;5792
19/10/2016;328;362;690;126;186;312;23;35;58;7;17;24;8;34;42;0;9;9;0;0;0;4;11;15;1845;1999;3844;449;354;803;281;108;389;3071;3115;6186
20/10/2016;356;381;737;131;176;307;21;33;54;8;15;23;12;30;42;3;10;13;0;0;0;2;8;10;1928;1869;3797;474;334;808;241;113;354;3176;2969;6145
21/10/2016;334;432;766;136;178;314;26;30;56;14;18;32;7;37;44;3;8;11;0;0;0;1;5;6;2188;2594;4782;489;526;1015;252;132;384;3450;3960;7410
22/10/2016;190;195;385;97;127;224;24;26;50;6;9;15;5;26;31;6;8;14;0;0;0;1;7;8;1977;3015;4992;534;637;1171;186;107;293;3026;4157;7183
23/10/2016;216;190;406;68;72;140;7;6;13;5;5;10;8;14;22;0;1;1;0;0;0;4;5;9;3095;2458;5553;737;511;1248;179;55;234;4319;3317;7636
24/10/2016;267;276;543;101;178;279;17;33;50;10;12;22;6;25;31;4;6;10;1;0;1;1;1;2;2387;2095;4482;812;401;1213;172;96;268;3778;3123;6901
25/10/2016;312;372;684;109;177;286;16;32;48;11;16;27;13;33;46;3;8;11;0;0;0;4;9;13;1723;1880;3603;567;385;952;202;105;307;2960;3017;5977
26/10/2016;335;357;692;136;185;321;27;46;73;11;27;38;5;35;40;1;7;8;1;0;1;1;9;10;1828;1902;3730;474;360;834;231;110;341;3050;3038;6088
27/10/2016;352;402;754;141;222;363;23;33;56;9;21;30;7;35;42;4;13;17;0;0;0;2;11;13;1976;1965;3941;472;363;835;241;120;361;3227;3185;6412
28/10/2016;388;388;776;133;199;332;18;43;61;12;15;27;8;30;38;1;6;7;0;0;0;0;4;4;2300;2448;4748;467;526;993;298;121;419;3625;3780;7405
29/10/2016;227;205;432;73;92;165;19;24;43;6;14;20;7;27;34;1;12;13;0;0;0;0;7;7;2052;2762;4814;500;652;1152;225;106;331;3110;3901;7011
30/10/2016;126;108;234;59;40;99;8;10;18;7;5;12;5;11;16;1;6;7;0;1;1;2;2;4;3030;2549;5579;873;642;1515;192;75;267;4303;3449;7752
31/10/2016;263;352;615;96;217;313;16;34;50;2;12;14;8;21;29;3;11;14;0;0;0;3;10;13;2055;2234;4289;669;385;1054;196;131;327;3311;3407;6718
01/11/2016;297;382;679;103;169;272;13;40;53;10;11;21;9;34;43;2;8;10;0;0;0;2;6;8;1891;2964;4855;498;545;1043;252;149;401;3077;4308;7385
02/11/2016;157;149;306;62;65;127;14;16;30;7;5;12;5;15;20;1;5;6;0;0;0;1;5;6;3605;3386;6991;755;603;1358;224;93;317;4831;4342;9173
03/11/2016;318;396;714;130;187;317;16;30;46;6;12;18;14;24;38;3;9;12;0;0;0;2;6;8;2155;1956;4111;625;359;984;270;115;385;3539;3094;6633
04/11/2016;332;373;705;133;178;311;15;28;43;12;18;30;7;53;60;3;13;16;0;0;0;7;8;15;2142;2521;4663;519;526;1045;267;129;396;3437;3847;7284
05/11/2016;202;195;397;80;98;178;15;35;50;6;10;16;2;35;37;2;4;6;0;1;1;1;13;14;1750;2598;4348;555;650;1205;185;110;295;2798;3749;6547
06/11/2016;177;161;338;61;55;116;10;9;19;6;8;14;8;14;22;5;4;9;0;0;0;6;3;9;2993;2147;5140;691;446;1137;198;83;281;4155;2930;7085
07/11/2016;298;375;673;116;205;321;13;38;51;4;8;12;9;22;31;1;3;4;0;1;1;2;4;6;2102;2146;4248;731;416;1147;271;117;388;3547;3335;6882
08/11/2016;282;347;629;111;164;275;16;33;49;8;11;19;6;36;42;1;10;11;0;0;0;0;7;7;1653;1931;3584;434;351;785;266;123;389;2777;3013;5790
09/11/2016;339;335;674;138;178;316;17;27;44;12;12;24;7;29;36;2;11;13;0;0;0;0;9;9;1787;1840;3627;441;337;778;289;105;394;3032;2883;5915
10/11/2016;341;444;785;108;201;309;23;34;57;21;20;41;12;25;37;1;10;11;0;0;0;1;9;10;1935;1912;3847;435;350;785;244;123;367;3121;3128;6249
11/11/2016;341;373;714;106;176;282;17;40;57;11;14;25;10;37;47;5;14;19;0;2;2;1;4;5;2447;2655;5102;494;551;1045;256;136;392;3688;4002;7690
12/11/2016;222;231;453;82;141;223;16;13;29;6;17;23;13;25;38;1;4;5;0;0;0;1;5;6;2352;3489;5841;539;732;1271;230;128;358;3462;4785;8247
13/11/2016;202;192;394;71;57;128;19;7;26;3;9;12;8;13;21;5;7;12;0;0;0;1;2;3;3228;2545;5773;779;448;1227;232;86;318;4548;3366;7914
14/11/2016;298;372;670;112;220;332;26;36;62;4;17;21;7;22;29;4;6;10;0;0;0;2;6;8;2149;2256;4405;622;379;1001;254;114;368;3478;3428;6906
15/11/2016;141;166;307;67;75;142;15;14;29;5;7;12;5;15;20;2;2;4;0;1;1;0;3;3;2617;2311;4928;577;424;1001;184;98;282;3613;3116;6729
16/11/2016;364;362;726;123;177;300;12;31;43;9;20;29;18;35;53;6;10;16;1;1;2;5;4;9;1977;2062;4039;541;328;869;255;103;358;3311;3133;6444
17/11/2016;324;393;717;117;218;335;20;34;54;13;17;30;11;34;45;2;9;11;0;0;0;3;12;15;1844;1895;3739;437;370;807;261;116;377;3032;3098;6130
18/11/2016;361;367;728;111;188;299;13;42;55;12;19;31;6;25;31;3;12;15;0;0;0;3;13;16;2153;2472;4625;450;467;917;248;137;385;3360;3742;7102
19/11/2016;234;240;474;86;112;198;12;29;41;11;13;24;11;29;40;2;13;15;1;0;1;1;11;12;1988;2883;4871;511;588;1099;187;109;296;3044;4027;7071
20/11/2016;225;179;404;60;61;121;12;11;23;7;11;18;10;10;20;4;4;8;0;0;0;3;6;9;3334;2562;5896;681;517;1198;202;79;281;4538;3440;7978
21/11/2016;308;355;663;89;207;296;13;42;55;6;11;17;7;19;26;2;14;16;0;0;0;1;5;6;1966;2070;4036;659;377;1036;236;108;344;3287;3208;6495
22/11/2016;314;327;641;113;193;306;19;25;44;14;16;30;14;25;39;3;2;5;1;0;1;2;6;8;1644;1976;3620;437;335;772;242;93;335;2803;2998;5801
23/11/2016;330;367;697;109;165;274;15;33;48;10;17;27;9;35;44;3;15;18;0;0;0;0;11;11;1805;1866;3671;441;335;776;284;135;419;3006;2979;5985
24/11/2016;317;423;740;136;224;360;19;31;50;9;23;32;3;28;31;4;9;13;0;0;0;3;10;13;1961;1950;3911;426;382;808;296;133;429;3174;3213;6387
25/11/2016;293;349;642;120;162;282;19;38;57;8;13;21;10;37;47;4;13;17;0;0;0;1;12;13;2236;2606;4842;499;527;1026;289;115;404;3479;3872;7351
26/11/2016;211;218;429;83;108;191;20;22;42;2;21;23;5;19;24;6;2;8;1;0;1;1;10;11;1943;2953;4896;513;658;1171;231;113;344;3016;4124;7140
27/11/2016;184;187;371;65;55;120;11;15;26;3;2;5;6;14;20;2;5;7;0;0;0;4;2;6;3149;2318;5467;660;404;1064;253;74;327;4337;3076;7413
28/11/2016;295;352;647;89;231;320;22;27;49;10;14;24;8;24;32;6;11;17;0;0;0;2;5;7;2086;2096;4182;706;367;1073;293;123;416;3517;3250;6767
29/11/2016;287;345;632;108;178;286;19;29;48;9;18;27;12;25;37;0;10;10;1;0;1;3;13;16;1688;1833;3521;468;370;838;265;96;361;2860;2917;5777
30/11/2016;331;361;692;107;202;309;23;32;55;16;20;36;13;28;41;6;14;20;0;0;0;2;8;10;1874;1942;3816;424;355;779;276;127;403;3072;3089;6161
01/12/2016;273;337;610;110;166;276;23;28;51;10;14;24;8;40;48;3;14;17;0;0;0;0;14;14;1933;1974;3907;469;355;824;264;126;390;3093;3068;6161
02/12/2016;332;302;634;130;176;306;28;48;76;13;9;22;17;32;49;5;7;12;1;0;1;2;5;7;2220;2589;4809;498;564;1062;249;150;399;3495;3882;7377
03/12/2016;219;206;425;79;101;180;20;24;44;3;14;17;7;28;35;1;13;14;0;0;0;0;4;4;2250;3180;5430;605;642;1247;212;107;319;3396;4319;7715
04/12/2016;189;169;358;54;51;105;9;2;11;9;9;18;10;13;23;3;0;3;0;0;0;3;5;8;3373;2559;5932;702;504;1206;202;97;299;4554;3409;7963
05/12/2016;302;350;652;111;228;339;29;35;64;11;13;24;12;25;37;7;12;19;0;0;0;0;7;7;2176;2216;4392;705;367;1072;237;109;346;3590;3362;6952
06/12/2016;321;359;680;95;202;297;18;29;47;8;13;21;15;28;43;2;10;12;0;0;0;2;7;9;1758;2027;3785;447;339;786;256;102;358;2922;3116;6038
07/12/2016;343;350;693;144;191;335;17;32;49;10;14;24;8;27;35;5;16;21;0;0;0;2;9;11;1977;2056;4033;444;378;822;263;111;374;3213;3184;6397
08/12/2016;335;411;746;117;205;322;27;35;62;11;12;23;6;24;30;3;17;20;2;0;2;1;10;11;2131;2103;4234;463;351;814;257;138;395;3353;3306;6659
09/12/2016;336;364;700;110;188;298;19;58;77;10;16;26;5;29;34;1;7;8;0;0;0;1;9;10;2332;2669;5001;512;497;1009;307;123;430;3633;3960;7593
10/12/2016;208;242;450;98;110;208;21;27;48;9;19;28;3;26;29;1;3;4;0;0;0;0;15;15;2223;3047;5270;543;623;1166;228;110;338;3334;4222;7556
11/12/2016;250;213;463;64;56;120;18;12;30;1;3;4;7;10;17;2;4;6;0;0;0;3;5;8;3431;2763;6194;674;452;1126;223;98;321;4673;3616;8289
12/12/2016;341;401;742;120;228;348;26;30;56;14;20;34;14;14;28;3;7;10;0;1;1;2;15;17;2247;2348;4595;742;410;1152;306;135;441;3815;3609;7424
13/12/2016;339;352;691;114;206;320;20;38;58;12;15;27;11;26;37;6;8;14;0;0;0;5;7;12;1975;2272;4247;501;406;907;229;120;349;3212;3450;6662
14/12/2016;377;382;759;112;197;309;18;28;46;13;14;27;15;26;41;8;9;17;1;0;1;2;15;17;2184;2191;4375;453;360;813;260;124;384;3443;3346;6789
15/12/2016;386;392;778;127;237;364;23;29;52;8;22;30;6;28;34;5;16;21;1;0;1;2;10;12;2197;2242;4439;452;328;780;253;131;384;3460;3435;6895
16/12/2016;339;376;715;114;215;329;8;34;42;7;27;34;11;37;48;3;19;22;0;0;0;4;12;16;2543;2679;5222;481;492;973;304;147;451;3814;4038;7852
17/12/2016;232;268;500;88;117;205;23;22;45;4;13;17;4;22;26;2;3;5;0;0;0;7;3;10;2350;3329;5679;649;751;1400;215;134;349;3574;4662;8236
18/12/2016;293;255;548;87;76;163;11;9;20;5;8;13;9;18;27;5;1;6;1;0;1;2;2;4;3735;3146;6881;681;434;1115;247;148;395;5076;4097;9173
19/12/2016;368;377;745;75;282;357;9;34;43;6;13;19;9;22;31;1;11;12;0;0;0;4;14;18;2532;2337;4869;705;350;1055;273;111;384;3982;3551;7533
20/12/2016;328;374;702;99;191;290;20;32;52;15;22;37;3;23;26;6;12;18;0;0;0;1;5;6;2104;2257;4361;485;365;850;215;107;322;3276;3388;6664
21/12/2016;381;369;750;129;207;336;24;25;49;11;16;27;5;27;32;4;9;13;0;0;0;2;11;13;2254;2465;4719;454;353;807;269;114;383;3533;3596;7129
22/12/2016;359;398;757;118;196;314;23;46;69;6;19;25;6;24;30;1;10;11;0;1;1;4;9;13;2489;2892;5381;456;378;834;248;125;373;3710;4098;7808
23/12/2016;371;359;730;147;235;382;19;26;45;6;15;21;12;30;42;4;8;12;0;0;0;1;10;11;2903;4486;7389;571;725;1296;254;134;388;4288;6028;10316
24/12/2016;211;339;550;60;95;155;13;13;26;7;12;19;1;16;17;1;6;7;1;0;1;1;2;3;2445;4682;7127;555;799;1354;163;135;298;3458;6099;9557
25/12/2016;280;121;401;62;37;99;7;9;16;2;8;10;3;9;12;1;1;2;0;0;0;0;0;0;4280;2682;6962;790;434;1224;162;86;248;5587;3387;8974
26/12/2016;295;349;644;99;224;323;16;25;41;4;11;15;8;32;40;4;6;10;0;0;0;3;8;11;3561;2560;6121;815;385;1200;205;98;303;5010;3698;8708
27/12/2016;327;343;670;109;199;308;20;30;50;12;19;31;10;32;42;1;10;11;0;0;0;3;8;11;2523;2475;4998;499;374;873;217;114;331;3721;3604;7325
28/12/2016;321;331;652;149;209;358;20;28;48;9;12;21;7;24;31;1;8;9;0;0;0;5;6;11;2726;2517;5243;491;391;882;235;98;333;3964;3624;7588
29/12/2016;336;362;698;147;237;384;20;39;59;10;16;26;5;28;33;1;12;13;0;1;1;4;11;15;2812;2921;5733;493;418;911;262;122;384;4090;4167;8257
30/12/2016;321;313;634;121;156;277;30;21;51;8;8;16;5;21;26;2;11;13;0;0;0;4;7;11;3220;4593;7813;581;718;1299;243;130;373;4535;5978;10513
31/12/2016;166;153;319;40;56;96;8;13;21;2;7;9;1;10;11;0;3;3;0;1;1;0;2;2;2585;4325;6910;607;907;1514;121;87;208;3530;5564;9094
01/01/2017;126;121;247;34;37;71;4;7;11;3;2;5;3;4;7;0;1;1;0;0;0;0;0;0;4916;2974;7890;859;395;1254;126;78;204;6071;3619;9690
02/01/2017;0;0;0;0;0;0;0;0;0;0;0;0;0;0;0;0;0;0;0;0;0;0;0;0;0;0;0;0;0;0;0;0;0;0;0;0
03/01/2017;315;325;640;108;194;302;11;40;51;6;11;17;10;24;34;1;7;8;0;0;0;3;5;8;2724;2529;5253;631;382;1013;268;120;388;4077;3637;7714
04/01/2017;321;337;658;119;174;293;16;31;47;14;14;28;8;23;31;5;13;18;0;0;0;3;3;6;2383;2289;4672;495;336;831;229;108;337;3593;3328;6921
05/01/2017;328;385;713;123;219;342;15;26;41;10;14;24;4;22;26;4;11;15;0;0;0;2;10;12;2492;2297;4789;463;358;821;233;107;340;3674;3449;7123
06/01/2017;310;321;631;107;171;278;14;36;50;5;13;18;2;28;30;8;7;15;0;0;0;2;6;8;2668;2893;5561;498;461;959;250;117;367;3864;4053;7917
07/01/2017;209;202;411;65;99;164;12;20;32;4;7;11;1;22;23;2;7;9;0;0;0;2;8;10;2360;3178;5538;544;599;1143;151;94;245;3350;4236;7586
08/01/2017;163;132;295;48;43;91;6;8;14;4;7;11;9;6;15;2;3;5;0;0;0;4;3;7;3842;2953;6795;609;380;989;162;93;255;4849;3628;8477
09/01/2017;297;368;665;114;237;351;19;32;51;4;16;20;7;13;20;2;7;9;1;0;1;2;5;7;2535;2558;5093;725;379;1104;235;126;361;3941;3741;7682
10/01/2017;281;333;614;109;201;310;18;25;43;7;16;23;6;27;33;5;3;8;0;0;0;2;9;11;2163;2321;4484;459;335;794;224;118;342;3274;3388;6662
11/01/2017;306;291;597;134;205;339;12;31;43;6;9;15;7;20;27;0;5;5;0;0;0;5;9;14;2170;2174;4344;405;274;679;250;116;366;3295;3134;6429
12/01/2017;335;374;709;152;226;378;14;27;41;12;17;29;7;33;40;5;12;17;0;0;0;2;4;6;2138;2250;4388;504;366;870;280;107;387;3449;3416;6865
13/01/2017;312;347;659;135;195;330;23;30;53;6;17;23;8;26;34;4;8;12;0;0;0;4;6;10;2513;3070;5583;469;482;951;288;122;410;3762;4303;8065
14/01/2017;211;207;418;70;100;170;24;23;47;6;14;20;6;12;18;1;8;9;0;0;0;1;10;11;2216;3161;5377;522;594;1116;205;89;294;3262;4218;7480
15/01/2017;153;124;277;67;61;128;11;4;15;4;5;9;7;16;23;5;1;6;0;0;0;4;1;5;3747;2760;6507;728;434;1162;242;82;324;4968;3488;8456
16/01/2017;299;342;641;95;223;318;19;30;49;10;13;23;4;14;18;5;8;13;0;0;0;1;7;8;2458;2546;5004;722;395;1117;315;118;433;3928;3696;7624
17/01/2017;286;329;615;125;188;313;23;39;62;11;17;28;6;28;34;2;14;16;0;0;0;2;7;9;1978;2199;4177;458;379;837;265;100;365;3156;3300;6456
18/01/2017;341;357;698;121;198;319;20;31;51;5;11;16;10;36;46;3;9;12;0;0;0;2;10;12;1924;2214;4138;469;309;778;376;102;478;3271;3277;6548
19/01/2017;314;381;695;157;234;391;19;37;56;10;16;26;7;21;28;1;7;8;0;0;0;3;11;14;2200;2233;4433;433;319;752;290;124;414;3434;3383;6817
20/01/2017;297;293;590;116;156;272;17;25;42;6;14;20;6;9;15;5;13;18;0;0;0;1;5;6;2406;2892;5298;464;442;906;258;122;380;3576;3971;7547
21/01/2017;191;185;376;70;98;168;16;22;38;6;16;22;7;18;25;2;5;7;0;1;1;3;12;15;2179;3170;5349;538;619;1157;252;89;341;3264;4235;7499
22/01/2017;146;125;271;54;35;89;15;6;21;7;6;13;7;7;14;3;4;7;0;0;0;0;1;1;3653;2588;6241;714;442;1156;197;90;287;4796;3304;8100
23/01/2017;288;352;640;117;208;325;24;30;54;7;9;16;8;27;35;2;14;16;0;0;0;2;10;12;2241;2266;4507;697;430;1127;304;100;404;3690;3446;7136
24/01/2017;278;351;629;138;206;344;18;27;45;6;17;23;4;24;28;1;12;13;1;1;2;1;6;7;1781;1997;3778;444;321;765;298;112;410;2970;3074;6044
25/01/2017;306;342;648;127;199;326;23;26;49;7;13;20;7;29;36;0;14;14;0;1;1;3;6;9;1912;2071;3983;441;396;837;294;109;403;3120;3206;6326
26/01/2017;313;377;690;136;204;340;20;33;53;8;19;27;5;23;28;2;11;13;1;0;1;0;12;12;2061;1971;4032;460;334;794;344;107;451;3350;3091;6441
27/01/2017;319;364;683;112;178;290;13;32;45;7;11;18;7;29;36;6;10;16;0;1;1;6;10;16;2400;2753;5153;468;452;920;244;111;355;3582;3951;7533
28/01/2017;203;186;389;74;110;184;9;20;29;6;10;16;11;18;29;1;8;9;0;0;0;5;9;14;2180;3042;5222;545;563;1108;174;90;264;3208;4056;7264
29/01/2017;143;124;267;59;34;93;9;5;14;8;10;18;9;6;15;2;4;6;0;0;0;2;5;7;3562;2618;6180;709;501;1210;164;73;237;4667;3380;8047
30/01/2017;230;300;530;73;184;257;15;36;51;11;17;28;9;21;30;2;7;9;1;0;1;3;7;10;2151;2223;4374;700;353;1053;215;102;317;3410;3250;6660
31/01/2017;236;252;488;85;173;258;22;34;56;9;15;24;12;25;37;4;7;11;1;0;1;1;9;10;1893;2024;3917;462;333;795;202;104;306;2927;2976;5903
01/02/2017;260;318;578;121;213;334;54;19;73;6;15;21;6;29;35;1;8;9;0;0;0;1;6;7;1843;1983;3826;447;351;798;359;105;464;3098;3047;6145
02/02/2017;204;389;593;125;215;340;78;24;102;7;12;19;4;32;36;2;13;15;0;0;0;0;6;6;1878;2099;3977;427;340;767;425;113;538;3150;3243;6393
03/02/2017;216;319;535;100;188;288;98;29;127;7;19;26;4;36;40;1;12;13;0;1;1;1;3;4;1988;2547;4535;468;487;955;541;124;665;3424;3765;7189
04/02/2017;131;175;306;87;105;192;72;25;97;3;14;17;3;36;39;1;6;7;1;0;1;1;3;4;1793;2837;4630;569;660;1229;425;101;526;3086;3962;7048
05/02/2017;96;98;194;40;42;82;64;8;72;5;8;13;4;9;13;0;5;5;0;0;0;0;4;4;3096;2558;5654;816;631;1447;434;90;524;4555;3453;8008
06/02/2017;267;347;614;120;210;330;34;32;66;6;13;19;8;22;30;2;7;9;0;0;0;3;3;6;2011;2152;4163;742;425;1167;334;81;415;3527;3292;6819
07/02/2017;269;299;568;119;182;301;17;33;50;9;17;26;12;27;39;3;7;10;0;0;0;5;5;10;1753;1964;3717;488;382;870;212;94;306;2887;3010;5897
08/02/2017;321;322;643;137;206;343;18;33;51;12;16;28;4;24;28;3;5;8;0;0;0;2;9;11;1805;1943;3748;443;383;826;279;113;392;3024;3054;6078
09/02/2017;293;387;680;119;225;344;34;27;61;6;7;13;4;29;33;3;11;14;1;0;1;1;7;8;1709;1883;3592;466;359;825;318;130;448;2954;3065;6019
10/02/2017;282;344;626;138;172;310;22;26;48;9;12;21;7;30;37;3;6;9;0;0;0;4;9;13;2167;2650;4817;471;501;972;324;127;451;3427;3877;7304
11/02/2017;149;164;313;70;82;152;22;19;41;8;9;17;8;15;23;3;4;7;0;0;0;2;10;12;1832;2647;4479;428;452;880;182;95;277;2704;3497;6201
12/02/2017;117;107;224;45;41;86;28;6;34;5;7;12;4;7;11;2;4;6;1;0;1;3;3;6;2894;2425;5319;779;569;1348;353;65;418;4231;3234;7465
13/02/2017;226;307;533;80;214;294;35;27;62;2;9;11;14;21;35;4;7;11;0;0;0;1;9;10;1722;2030;3752;668;375;1043;414;101;515;3166;3100;6266
14/02/2017;181;320;501;113;202;315;49;38;87;3;17;20;12;34;46;2;9;11;1;0;1;0;5;5;1499;1976;3475;437;339;776;379;111;490;2676;3051;5727
15/02/2017;220;292;512;114;193;307;51;37;88;5;16;21;6;27;33;5;15;20;0;0;0;3;5;8;1554;1887;3441;480;402;882;397;82;479;2835;2956;5791
16/02/2017;222;360;582;100;190;290;32;35;67;3;17;20;9;30;39;1;7;8;0;0;0;2;9;11;1732;1938;3670;474;389;863;374;111;485;2949;3086;6035
17/02/2017;188;318;506;119;169;288;80;33;113;5;16;21;13;20;33;2;8;10;1;0;1;2;10;12;1823;2409;4232;452;417;869;520;130;650;3205;3530;6735
18/02/2017;89;168;257;55;86;141;84;20;104;4;14;18;2;11;13;1;9;10;1;0;1;2;9;11;1716;2689;4405;470;503;973;392;90;482;2816;3599;6415
19/02/2017;97;111;208;42;40;82;31;8;39;5;6;11;5;15;20;2;3;5;2;0;2;1;2;3;2637;2240;4877;563;370;933;281;66;347;3666;2861;6527
20/02/2017;108;325;433;72;199;271;113;25;138;1;15;16;3;20;23;1;4;5;0;0;0;1;5;6;1678;2078;3756;648;359;1007;517;136;653;3142;3166;6308
21/02/2017;111;293;404;73;194;267;101;29;130;3;12;15;3;36;39;0;10;10;0;0;0;0;7;7;1511;1930;3441;402;352;754;467;109;576;2671;2972;5643
22/02/2017;181;307;488;79;156;235;87;37;124;3;12;15;3;31;34;1;7;8;0;0;0;0;12;12;1658;2080;3738;406;341;747;451;113;564;2869;3096;5965
23/02/2017;150;351;501;81;196;277;117;34;151;4;13;17;3;32;35;0;11;11;0;0;0;1;4;5;1746;2275;4021;440;391;831;499;139;638;3041;3446;6487
24/02/2017;141;358;499;69;171;240;142;25;167;4;12;16;1;26;27;0;7;7;0;0;0;2;9;11;2012;4465;6477;450;648;1098;677;167;844;3498;5888;9386
25/02/2017;97;332;429;34;170;204;88;11;99;1;1;2;0;9;9;1;5;6;0;0;0;0;3;3;2057;3991;6048;507;720;1227;492;119;611;3277;5361;8638
26/02/2017;70;91;161;29;25;54;53;7;60;0;7;7;1;13;14;0;3;3;0;0;0;2;0;2;2170;3419;5589;540;591;1131;349;64;413;3214;4220;7434
27/02/2017;52;118;170;33;60;93;54;12;66;1;6;7;1;6;7;2;5;7;0;0;0;2;1;3;2605;2653;5258;694;431;1125;361;49;410;3805;3341;7146
28/02/2017;44;102;146;19;32;51;138;6;144;0;4;4;0;10;10;0;1;1;1;0;1;0;0;0;4470;2254;6724;919;389;1308;540;78;618;6131;2876;9007
01/03/2017;119;218;337;59;126;185;111;19;130;0;17;17;1;19;20;1;5;6;0;0;0;0;5;5;4437;2131;6568;921;286;1207;565;97;662;6214;2923;9137
02/03/2017;116;297;413;50;192;242;146;37;183;7;12;19;3;19;22;0;4;4;0;0;0;0;12;12;1841;1938;3779;580;332;912;575;118;693;3318;2961;6279
03/03/2017;106;260;366;66;190;256;103;30;133;4;19;23;5;25;30;0;8;8;0;0;0;0;10;10;1701;2175;3876;400;392;792;426;130;556;2811;3239;6050
04/03/2017;78;173;251;36;88;124;97;19;116;2;17;19;3;21;24;0;9;9;0;0;0;1;0;1;1635;2497;4132;505;490;995;371;91;462;2728;3405;6133
05/03/2017;62;101;163;36;45;81;91;6;97;1;3;4;5;3;8;1;4;5;0;0;0;2;1;3;2676;2478;5154;744;482;1226;368;61;429;3986;3184;7170
06/03/2017;125;318;443;64;175;239;92;25;117;6;6;12;1;12;13;3;7;10;0;0;0;0;1;1;1756;2137;3893;636;400;1036;475;110;585;3158;3191;6349
07/03/2017;113;268;381;55;190;245;95;29;124;2;18;20;4;29;33;0;9;9;0;0;0;1;10;11;1475;2021;3496;468;407;875;379;89;468;2592;3070;5662
08/03/2017;106;272;378;58;184;242;137;28;165;2;19;21;6;27;33;0;7;7;0;1;1;1;8;9;1510;1933;3443;403;323;726;501;104;605;2724;2906;5630
09/03/2017;150;288;438;66;202;268;106;29;135;5;18;23;4;19;23;1;6;7;0;0;0;1;7;8;1624;1862;3486;390;270;660;387;120;507;2734;2821;5555
10/03/2017;134;260;394;69;150;219;118;29;147;2;14;16;10;28;38;2;6;8;0;1;1;1;5;6;1776;2509;4285;419;425;844;476;148;624;3007;3575;6582
11/03/2017;61;158;219;31;84;115;99;19;118;1;12;13;3;18;21;0;8;8;0;0;0;0;3;3;1625;2817;4442;502;552;1054;386;87;473;2708;3758;6466
12/03/2017;41;117;158;24;38;62;85;4;89;0;7;7;5;13;18;0;0;0;0;0;0;0;3;3;2838;2788;5626;854;607;1461;444;44;488;4291;3621;7912
13/03/2017;73;285;358;40;175;215;114;24;138;1;13;14;4;14;18;0;7;7;0;1;1;1;3;4;1631;2140;3771;655;364;1019;495;120;615;3014;3146;6160
14/03/2017;63;242;305;40;182;222;117;21;138;0;20;20;4;27;31;0;7;7;0;0;0;2;7;9;1322;1890;3212;401;331;732;452;117;569;2401;2844;5245
15/03/2017;106;241;347;55;144;199;140;32;172;1;22;23;2;19;21;0;10;10;0;0;0;0;1;1;1411;1827;3238;440;391;831;439;113;552;2594;2800;5394
16/03/2017;68;303;371;44;178;222;125;28;153;2;18;20;1;21;22;1;8;9;0;0;0;0;3;3;1472;1919;3391;415;364;779;482;105;587;2610;2947;5557
17/03/2017;106;261;367;56;171;227;125;24;149;4;17;21;3;25;28;0;6;6;0;1;1;2;14;16;1660;2615;4275;444;504;948;505;138;643;2905;3776;6681
18/03/2017;53;159;212;32;99;131;108;22;130;0;10;10;3;27;30;1;7;8;0;0;0;0;12;12;1559;3206;4765;514;729;1243;422;110;532;2692;4381;7073
19/03/2017;55;114;169;30;60;90;114;6;120;4;12;16;1;5;6;1;4;5;0;0;0;0;2;2;3186;2802;5988;902;714;1616;525;62;587;4818;3781;8599
20/03/2017;74;288;362;54;176;230;97;22;119;2;9;11;5;15;20;1;7;8;0;0;0;3;7;10;1749;1993;3742;687;414;1101;438;144;582;3110;3075;6185
21/03/2017;53;273;326;44;162;206;84;35;119;1;19;20;1;41;42;0;8;8;0;0;0;3;9;12;1369;1849;3218;455;399;854;442;102;544;2452;2897;5349
22/03/2017;137;283;420;60;175;235;86;30;116;6;22;28;4;36;40;2;6;8;0;0;0;2;8;10;1482;1855;3337;418;407;825;435;124;559;2632;2946;5578
23/03/2017;203;292;495;81;141;222;2;0;2;0;0;0;0;1;1;0;0;0;0;0;0;0;0;0;1942;2184;4126;388;330;718;137;78;215;2753;3026;5779
24/03/2017;126;229;355;61;110;171;47;26;73;0;10;10;5;20;25;1;7;8;0;0;0;0;3;3;1766;2473;4239;379;541;920;389;136;525;2774;3555;6329
25/03/2017;70;171;241;34;73;107;35;14;49;2;14;16;0;16;16;1;7;8;0;1;1;0;1;1;1619;2756;4375;580;766;1346;360;99;459;2701;3918;6619
26/03/2017;40;106;146;32;38;70;36;6;42;0;4;4;2;6;8;1;1;2;0;0;0;0;0;0;3033;2590;5623;748;581;1329;413;56;469;4305;3388;7693
27/03/2017;66;297;363;35;163;198;39;31;70;4;9;13;1;17;18;0;4;4;0;0;0;2;5;7;1637;1897;3534;644;423;1067;439;102;541;2867;2948;5815
28/03/2017;130;254;384;43;162;205;35;21;56;5;18;23;3;35;38;3;7;10;0;0;0;1;8;9;1420;1824;3244;454;415;869;330;121;451;2424;2865;5289
29/03/2017;116;261;377;55;171;226;64;26;90;3;18;21;1;50;51;1;6;7;0;0;0;0;6;6;1470;1867;3337;447;418;865;414;113;527;2571;2936;5507
30/03/2017;98;292;390;55;144;199;70;18;88;6;18;24;3;25;28;1;6;7;0;0;0;1;1;2;1602;1816;3418;373;380;753;419;175;594;2628;2875;5503
31/03/2017;92;235;327;39;119;158;78;22;100;5;18;23;1;14;15;0;5;5;0;0;0;0;5;5;1730;2326;4056;438;566;1004;480;128;608;2863;3438;6301
01/04/2017;115;138;253;54;61;115;56;14;70;3;16;19;6;12;18;1;2;3;0;0;0;1;3;4;1766;2544;4310;445;616;1061;283;118;401;2730;3524;6254
02/04/2017;54;103;157;30;38;68;42;7;49;0;20;20;2;11;13;1;2;3;0;0;0;0;3;3;2737;2581;5318;943;788;1731;359;75;434;4168;3628;7796
03/04/2017;109;319;428;30;186;216;54;23;77;3;13;16;1;32;33;2;5;7;0;0;0;1;4;5;1729;2043;3772;707;491;1198;408;126;534;3044;3242;6286
04/04/2017;128;269;397;47;138;185;56;37;93;3;25;28;10;26;36;2;5;7;0;0;0;2;9;11;1454;1949;3403;469;461;930;329;137;466;2500;3056;5556
05/04/2017;110;273;383;70;197;267;61;43;104;6;17;23;6;26;32;0;13;13;0;0;0;1;7;8;1521;1928;3449;390;369;759;495;113;608;2660;2986;5646
06/04/2017;158;325;483;50;143;193;68;35;103;3;12;15;5;27;32;1;7;8;0;0;0;3;9;12;1642;1867;3509;495;455;950;400;124;524;2825;3004;5829
07/04/2017;130;266;396;58;151;209;76;35;111;3;17;20;6;22;28;1;7;8;0;0;0;0;7;7;1921;2366;4287;507;597;1104;441;116;557;3143;3584;6727
08/04/2017;65;146;211;35;88;123;42;19;61;2;12;14;1;24;25;1;8;9;0;0;0;2;5;7;1642;2586;4228;595;758;1353;341;76;417;2726;3722;6448
09/04/2017;151;344;495;59;159;218;3;1;4;0;0;0;0;11;11;0;0;0;0;0;0;1;0;1;1603;2615;4218;321;470;791;125;103;228;2263;3703;5966
10/04/2017;89;328;417;53;186;239;113;22;135;3;17;20;5;12;17;2;8;10;0;0;0;0;5;5;1644;2164;3808;674;451;1125;472;141;613;3055;3334;6389
11/04/2017;160;280;440;71;127;198;35;20;55;7;17;24;4;23;27;1;7;8;0;0;0;1;1;2;1543;2069;3612;352;380;732;328;162;490;2502;3086;5588
12/04/2017;139;399;538;51;188;239;85;38;123;6;14;20;2;33;35;1;15;16;0;0;0;2;5;7;1918;3227;5145;488;553;1041;549;143;692;3241;4615;7856
13/04/2017;101;417;518;47;196;243;66;13;79;4;8;12;3;17;20;0;4;4;0;0;0;0;1;1;2009;5427;7436;515;905;1420;652;169;821;3397;7157;10554
14/04/2017;21;120;141;9;34;43;49;5;54;2;1;3;0;3;3;0;2;2;0;0;0;0;1;1;1911;3331;5242;607;706;1313;375;73;448;2974;4276;7250
15/04/2017;48;101;149;17;47;64;39;10;49;1;8;9;0;14;14;2;2;4;0;0;0;0;2;2;2281;2571;4852;730;801;1531;257;67;324;3375;3623;6998
16/04/2017;119;148;267;40;46;86;15;8;23;2;9;11;2;15;17;0;0;0;0;0;0;0;0;0;3715;2945;6660;770;740;1510;213;84;297;4876;3995;8871
17/04/2017;183;364;547;63;179;242;70;38;108;2;13;15;5;17;22;1;7;8;1;0;1;1;4;5;2814;2105;4919;887;531;1418;471;136;607;4498;3394;7892
18/04/2017;138;335;473;61;198;259;58;36;94;5;23;28;3;38;41;1;4;5;0;0;0;0;3;3;1544;1918;3462;512;451;963;462;111;573;2784;3117;5901
19/04/2017;129;320;449;74;166;240;80;36;116;2;18;20;3;34;37;1;4;5;0;0;0;0;3;3;1608;1869;3477;458;438;896;508;118;626;2863;3006;5869
20/04/2017;157;360;517;67;178;245;108;38;146;13;11;24;1;26;27;0;12;12;0;0;0;1;12;13;1747;2459;4206;496;618;1114;512;122;634;3102;3836;6938
21/04/2017;63;170;233;36;68;104;59;5;64;4;11;15;0;11;11;0;3;3;0;0;0;0;3;3;1586;3131;4717;514;723;1237;458;79;537;2720;4204;6924
22/04/2017;67;137;204;46;81;127;58;14;72;1;14;15;2;17;19;0;7;7;0;0;0;0;0;0;1507;2154;3661;549;634;1183;303;78;381;2533;3136;5669
23/04/2017;50;116;166;30;37;67;57;7;64;1;12;13;1;10;11;0;5;5;0;0;0;1;2;3;3204;2418;5622;807;656;1463;578;65;643;4729;3328;8057
24/04/2017;123;319;442;75;151;226;113;27;140;3;9;12;2;14;16;1;7;8;0;0;0;2;3;5;1671;1909;3580;644;402;1046;428;138;566;3062;2979;6041
25/04/2017;112;311;423;60;167;227;99;26;125;5;12;17;7;27;34;1;13;14;0;0;0;0;3;3;1362;1828;3190;495;474;969;466;131;597;2607;2992;5599
26/04/2017;146;311;457;68;173;241;116;23;139;7;18;25;4;19;23;1;8;9;0;0;0;0;2;2;1474;1828;3302;449;477;926;506;110;616;2771;2969;5740
27/04/2017;75;358;433;45;206;251;59;33;92;9;13;22;1;29;30;1;7;8;0;0;0;0;7;7;1473;2051;3524;409;451;860;696;155;851;2768;3310;6078
28/04/2017;42;247;289;23;95;118;50;24;74;4;16;20;0;27;27;1;9;10;0;0;0;0;1;1;1305;2407;3712;404;569;973;667;122;789;2496;3517;6013
29/04/2017;76;194;270;35;85;120;48;20;68;5;17;22;2;27;29;2;5;7;0;0;0;0;8;8;1775;4244;6019;557;895;1452;545;129;674;3045;5624;8669
30/04/2017;43;123;166;21;41;62;56;6;62;4;9;13;1;16;17;1;0;1;0;0;0;0;1;1;2098;3038;5136;719;785;1504;385;55;440;3328;4074;7402
01/05/2017;57;130;187;22;42;64;68;8;76;1;6;7;1;9;10;0;1;1;0;0;0;0;1;1;4545;2934;7479;1011;683;1694;632;73;705;6337;3887;10224
02/05/2017;124;341;465;77;204;281;68;24;92;4;16;20;6;14;20;2;7;9;0;0;0;0;2;2;1728;2091;3819;692;474;1166;584;110;694;3285;3283;6568
03/05/2017;213;322;535;88;178;266;38;20;58;1;17;18;3;22;25;0;7;7;0;0;0;0;4;4;2219;1943;4162;563;424;987;461;93;554;3586;3030;6616
04/05/2017;334;335;669;180;179;359;82;26;108;9;14;23;14;22;36;5;12;17;0;0;0;1;9;10;2127;2002;4129;511;419;930;459;91;550;3722;3109;6831
05/05/2017;142;310;452;53;156;209;81;37;118;6;22;28;3;30;33;1;12;13;0;0;0;0;11;11;1825;2275;4100;492;634;1126;593;119;712;3196;3606;6802
06/05/2017;84;174;258;34;91;125;58;18;76;3;14;17;2;27;29;0;7;7;0;1;1;1;9;10;1622;2624;4246;571;773;1344;457;92;549;2832;3830;6662
07/05/2017;56;121;177;24;34;58;42;12;54;1;9;10;2;14;16;0;2;2;0;1;1;0;2;2;2297;2545;4842;800;749;1549;537;76;613;3759;3565;7324
08/05/2017;108;288;396;66;136;202;60;25;85;3;17;20;12;26;38;1;6;7;0;0;0;4;3;7;1679;2093;3772;623;431;1054;470;130;600;3026;3155;6181
09/05/2017;79;288;367;66;156;222;59;36;95;8;20;28;3;27;30;0;8;8;0;0;0;0;5;5;1400;1900;3300;441;416;857;497;150;647;2553;3006;5559
10/05/2017;128;317;445;57;208;265;68;20;88;4;15;19;5;27;32;1;10;11;0;0;0;0;11;11;1464;1844;3308;459;479;938;531;115;646;2717;3046;5763
11/05/2017;170;402;572;56;200;256;83;26;109;9;19;28;6;40;46;2;7;9;0;0;0;1;12;13;1531;1966;3497;464;468;932;555;106;661;2877;3246;6123
12/05/2017;129;329;458;65;156;221;92;34;126;5;21;26;4;25;29;3;7;10;0;0;0;0;14;14;1792;2875;4667;520;684;1204;625;124;749;3235;4269;7504
13/05/2017;88;205;293;31;93;124;62;14;76;3;17;20;1;18;19;0;9;9;0;0;0;2;16;18;1803;3939;5742;609;1115;1724;588;105;693;3187;5531;8718
14/05/2017;81;105;186;36;39;75;37;6;43;2;11;13;5;12;17;0;5;5;0;0;0;0;2;2;3975;3058;7033;951;772;1723;510;53;563;5597;4063;9660
15/05/2017;117;344;461;37;193;230;44;28;72;6;12;18;2;24;26;0;7;7;0;0;0;0;7;7;2135;2127;4262;852;512;1364;610;91;701;3803;3345;7148
16/05/2017;119;297;416;61;196;257;74;34;108;8;15;23;4;46;50;0;6;6;0;0;0;1;8;9;1449;1934;3383;478;451;929;503;95;598;2697;3082;5779
17/05/2017;125;286;411;71;173;244;69;29;98;4;29;33;3;36;39;2;14;16;0;0;0;0;10;10;1554;1800;3354;467;492;959;525;105;630;2820;2974;5794
18/05/2017;91;312;403;48;182;230;91;29;120;6;19;25;2;37;39;1;12;13;0;0;0;2;8;10;1428;1816;3244;431;392;823;621;126;747;2721;2933;5654
19/05/2017;89;290;379;49;168;217;103;30;133;5;26;31;4;42;46;4;6;10;0;0;0;0;11;11;1572;2509;4081;467;603;1070;699;136;835;2992;3821;6813
20/05/2017;81;177;258;40;104;144;79;35;114;2;12;14;3;33;36;0;2;2;0;0;0;1;8;9;1590;2908;4498;518;752;1270;531;96;627;2845;4127;6972
21/05/2017;55;130;185;25;49;74;63;11;74;2;8;10;2;8;10;1;6;7;0;1;1;0;2;2;2925;2641;5566;740;642;1382;557;70;627;4370;3568;7938
22/05/2017;115;312;427;68;192;260;71;33;104;3;16;19;2;19;21;4;5;9;0;0;0;2;3;5;1806;2009;3815;725;478;1203;529;111;640;3325;3178;6503
23/05/2017;129;310;439;50;168;218;54;50;104;5;14;19;2;29;31;1;17;18;0;0;0;1;8;9;1466;1861;3327;452;418;870;486;122;608;2646;2997;5643
24/05/2017;153;321;474;70;177;247;69;47;116;7;24;31;4;35;39;1;9;10;0;0;0;3;11;14;1534;1841;3375;471;444;915;514;105;619;2826;3014;5840
25/05/2017;140;353;493;46;178;224;84;23;107;7;18;25;4;32;36;0;6;6;0;1;1;3;6;9;1566;1839;3405;438;442;880;525;112;637;2813;3010;5823
26/05/2017;88;277;365;56;162;218;105;37;142;1;27;28;3;35;38;2;11;13;0;0;0;2;10;12;1635;2597;4232;426;603;1029;797;104;901;3115;3863;6978
27/05/2017;89;179;268;33;86;119;56;19;75;3;13;16;2;20;22;3;7;10;0;0;0;3;7;10;1624;3004;4628;519;792;1311;491;96;587;2823;4223;7046
28/05/2017;49;103;152;34;38;72;71;13;84;3;11;14;6;12;18;2;0;2;1;1;2;0;11;11;2743;2191;4934;671;545;1216;546;57;603;4126;2982;7108
29/05/2017;105;285;390;65;157;222;98;25;123;8;5;13;4;28;32;1;11;12;0;0;0;0;3;3;1724;1916;3640;583;351;934;408;100;508;2996;2881;5877
30/05/2017;139;272;411;70;175;245;107;27;134;2;28;30;4;53;57;0;13;13;0;0;0;1;7;8;1361;1780;3141;511;440;951;467;103;570;2662;2898;5560
31/05/2017;125;288;413;75;173;248;98;28;126;4;29;33;3;62;65;1;10;11;0;1;1;1;2;3;1513;1831;3344;483;461;944;460;103;563;2763;2988;5751
01/09/2017;0;0;0;0;0;0;0;0;0;0;0;0;0;0;0;0;0;0;0;0;0;0;0;0;0;0;0;0;0;0;0;0;0;0;0;0
02/09/2017;0;0;0;0;0;0;0;0;0;0;0;0;0;0;0;0;0;0;0;0;0;0;0;0;0;0;0;0;0;0;0;0;0;0;0;0
03/09/2017;87;138;225;20;48;68;8;16;24;3;6;9;0;11;11;1;5;6;0;0;0;0;2;2;3178;2622;5800;728;654;1382;104;72;176;4129;3574;7703
04/09/2017;154;357;511;69;221;290;7;46;53;5;18;23;5;33;38;0;14;14;0;0;0;0;7;7;2251;2164;4415;656;517;1173;113;124;237;3260;3501;6761
05/09/2017;124;344;468;56;177;233;9;34;43;4;23;27;1;41;42;2;16;18;0;0;0;3;12;15;1936;1990;3926;459;469;928;83;123;206;2677;3229;5906
06/09/2017;248;393;641;98;194;292;16;42;58;11;28;39;1;36;37;1;14;15;0;1;1;1;8;9;2301;2774;5075;503;607;1110;135;131;266;3315;4228;7543
07/09/2017;102;242;344;38;115;153;6;32;38;6;17;23;7;24;31;3;6;9;0;0;0;2;14;16;2291;3319;5610;470;597;1067;63;87;150;2988;4453;7441
08/09/2017;159;316;475;92;192;284;13;36;49;4;16;20;3;35;38;2;14;16;0;0;0;5;5;10;2175;2785;4960;511;625;1136;120;129;249;3084;4153;7237
09/09/2017;139;226;365;66;124;190;5;42;47;1;8;9;4;30;34;1;11;12;0;1;1;4;4;8;2043;3084;5127;492;815;1307;100;101;201;2855;4446;7301
10/09/2017;156;185;341;45;41;86;1;12;13;2;8;10;8;12;20;1;4;5;0;0;0;1;5;6;4221;2926;7147;831;605;1436;155;65;220;5421;3863;9284
11/09/2017;173;395;568;84;211;295;13;49;62;4;14;18;10;26;36;3;5;8;0;0;0;1;10;11;2317;2339;4656;545;540;1085;117;134;251;3267;3723;6990
12/09/2017;171;360;531;85;233;318;10;45;55;3;18;21;5;69;74;0;15;15;0;1;1;2;10;12;1863;1992;3855;457;455;912;96;107;203;2692;3305;5997
13/09/2017;185;369;554;91;235;326;19;32;51;8;25;33;9;42;51;7;11;18;1;0;1;2;8;10;2077;2017;4094;490;433;923;116;120;236;3005;3292;6297
14/09/2017;183;398;581;87;225;312;6;37;43;8;22;30;6;44;50;3;16;19;0;1;1;4;9;13;2122;2169;4291;460;527;987;92;142;234;2971;3590;6561
15/09/2017;195;370;565;91;186;277;15;41;56;5;16;21;3;42;45;1;13;14;1;0;1;6;7;13;2424;2604;5028;528;625;1153;105;125;230;3374;4029;7403
16/09/2017;132;202;334;55;109;164;8;36;44;7;23;30;8;45;53;3;8;11;0;1;1;6;7;13;2144;3118;5262;543;860;1403;84;103;187;2990;4512;7502
17/09/2017;97;187;284;26;40;66;7;14;21;3;2;5;2;12;14;3;2;5;0;0;0;3;3;6;2790;2720;5510;607;869;1476;95;87;182;3633;3936;7569
18/09/2017;202;347;549;90;231;321;6;34;40;7;25;32;4;37;41;5;6;11;1;0;1;5;4;9;2273;2106;4379;709;494;1203;129;108;237;3431;3392;6823
19/09/2017;163;351;514;83;201;284;10;39;49;5;28;33;8;41;49;5;11;16;0;0;0;1;7;8;1875;2008;3883;522;461;983;97;122;219;2769;3269;6038
20/09/2017;200;350;550;92;205;297;12;47;59;9;24;33;7;36;43;2;15;17;0;0;0;8;5;13;2041;1910;3951;496;520;1016;118;113;231;2985;3225;6210
21/09/2017;167;378;545;80;208;288;9;46;55;10;15;25;9;41;50;4;16;20;0;0;0;4;10;14;2015;1927;3942;461;465;926;108;135;243;2867;3241;6108
22/09/2017;228;347;575;107;206;313;7;54;61;5;29;34;9;40;49;8;13;21;0;0;0;3;6;9;2289;2680;4969;474;658;1132;129;115;244;3259;4148;7407
23/09/2017;166;197;363;74;85;159;12;37;49;3;19;22;9;30;39;4;6;10;0;0;0;5;8;13;2064;3336;5400;530;826;1356;136;113;249;3003;4657;7660
24/09/2017;107;178;285;42;57;99;6;13;19;4;6;10;4;15;19;0;4;4;0;0;0;2;5;7;3316;2659;5975;701;619;1320;113;82;195;4295;3638;7933
25/09/2017;205;385;590;100;232;332;8;44;52;7;14;21;14;25;39;2;12;14;0;0;0;3;3;6;2463;2181;4644;736;483;1219;144;102;246;3682;3481;7163
26/09/2017;170;371;541;91;181;272;13;47;60;5;23;28;3;54;57;4;7;11;0;1;1;7;11;18;2043;1971;4014;483;440;923;97;102;199;2916;3208;6124
27/09/2017;221;349;570;103;223;326;18;32;50;11;21;32;15;43;58;7;14;21;0;0;0;1;6;7;2048;2023;4071;481;467;948;132;110;242;3037;3288;6325
28/09/2017;211;383;594;92;208;300;11;34;45;9;15;24;5;48;53;3;14;17;0;0;0;8;12;20;2132;2157;4289;478;451;929;123;136;259;3072;3458;6530
29/09/2017;229;357;586;81;204;285;8;45;53;5;20;25;10;46;56;5;10;15;0;0;0;12;6;18;2598;3114;5712;514;655;1169;127;134;261;3589;4591;8180
30/09/2017;177;254;431;85;83;168;10;27;37;7;10;17;4;23;27;2;7;9;0;0;0;9;6;15;2531;3877;6408;528;835;1363;118;113;231;3471;5235;8706
01/10/2017;189;341;530;103;134;237;1;7;8;0;3;3;1;8;9;2;2;4;0;0;0;4;4;8;2348;3838;6186;418;768;1186;99;131;230;3165;5236;8401
02/10/2017;225;415;640;104;324;428;17;55;72;4;22;26;9;37;46;3;8;11;0;0;0;7;1;8;2355;2533;4888;616;571;1187;144;131;275;3484;4097;7581
03/10/2017;236;350;586;101;237;338;8;21;29;4;13;17;1;17;18;1;3;4;0;0;0;0;0;0;2188;2920;5108;465;511;976;122;116;238;3126;4188;7314
04/10/2017;263;390;653;98;203;301;12;39;51;4;13;17;5;42;47;6;18;24;0;0;0;8;12;20;2836;2233;5069;512;496;1008;118;144;262;3862;3590;7452
05/10/2017;221;424;645;99;201;300;15;48;63;13;24;37;12;38;50;7;10;17;0;0;0;3;11;14;2339;1958;4297;513;450;963;120;126;246;3342;3290;6632
06/10/2017;220;348;568;105;197;302;14;44;58;13;21;34;7;34;41;2;12;14;0;0;0;9;6;15;2474;2544;5018;493;615;1108;120;128;248;3457;3949;7406
07/10/2017;141;179;320;65;90;155;8;24;32;3;18;21;3;23;26;2;13;15;0;0;0;6;8;14;2011;3105;5116;476;801;1277;99;111;210;2814;4372;7186
08/10/2017;83;143;226;26;39;65;8;21;29;4;12;16;5;23;28;5;3;8;0;0;0;4;4;8;2718;2597;5315;588;636;1224;102;60;162;3543;3538;7081
09/10/2017;217;394;611;99;229;328;14;44;58;4;7;11;11;28;39;4;12;16;0;0;0;2;4;6;2012;2239;4251;553;486;1039;116;110;226;3032;3553;6585
10/10/2017;188;342;530;86;203;289;10;46;56;12;28;40;11;42;53;2;13;15;0;1;1;7;6;13;1793;1967;3760;454;441;895;112;106;218;2675;3195;5870
11/10/2017;223;352;575;117;204;321;9;53;62;7;23;30;12;42;54;5;13;18;0;0;0;3;8;11;2414;2530;4944;433;543;976;85;138;223;3308;3906;7214
12/10/2017;128;207;335;41;110;151;16;27;43;6;20;26;12;17;29;4;7;11;0;0;0;2;7;9;2449;3158;5607;466;564;1030;57;106;163;3181;4223;7404
13/10/2017;209;298;507;90;198;288;11;55;66;4;18;22;6;29;35;6;10;16;0;0;0;10;8;18;2108;2593;4701;468;602;1070;105;134;239;3017;3945;6962
14/10/2017;136;203;339;86;112;198;10;33;43;10;17;27;3;38;41;2;11;13;0;0;0;5;8;13;2182;3013;5195;499;786;1285;83;92;175;3016;4313;7329
15/10/2017;166;206;372;45;51;96;4;16;20;4;11;15;2;13;15;1;5;6;0;0;0;3;2;5;4170;2946;7116;815;612;1427;135;85;220;5345;3947;9292
16/10/2017;252;398;650;101;225;326;15;39;54;6;20;26;10;26;36;3;12;15;0;0;0;1;5;6;2303;2204;4507;610;503;1113;115;139;254;3416;3571;6987
17/10/2017;238;356;594;97;188;285;16;35;51;11;18;29;5;48;53;6;11;17;0;0;0;4;4;8;2062;2054;4116;453;470;923;100;120;220;2992;3304;6296
18/10/2017;232;335;567;109;207;316;19;51;70;6;19;25;10;41;51;3;14;17;0;0;0;14;10;24;1987;1932;3919;461;468;929;96;112;208;2937;3189;6126
19/10/2017;205;387;592;105;202;307;15;34;49;13;36;49;9;49;58;5;17;22;0;0;0;10;6;16;2110;1979;4089;480;457;937;106;131;237;3058;3298;6356
20/10/2017;223;312;535;115;173;288;22;49;71;6;24;30;9;38;47;8;17;25;0;0;0;17;9;26;2391;2542;4933;475;628;1103;97;119;216;3363;3911;7274
21/10/2017;144;185;329;65;120;185;7;22;29;11;11;22;9;34;43;2;7;9;0;0;0;11;6;17;2083;2820;4903;476;769;1245;84;105;189;2892;4079;6971
22/10/2017;121;181;302;42;78;120;5;13;18;6;12;18;8;17;25;3;5;8;0;0;0;6;8;14;3056;2725;5781;590;667;1257;93;84;177;3930;3790;7720
23/10/2017;214;374;588;82;221;303;17;42;59;10;14;24;19;35;54;6;10;16;0;0;0;5;6;11;2248;2178;4426;704;517;1221;119;116;235;3424;3513;6937
24/10/2017;200;325;525;82;190;272;10;41;51;10;24;34;14;37;51;3;10;13;0;0;0;9;3;12;1855;1937;3792;445;466;911;93;107;200;2721;3140;5861
25/10/2017;212;354;566;85;199;284;14;39;53;10;18;28;7;53;60;11;10;21;0;0;0;7;7;14;1986;1870;3856;503;521;1024;118;100;218;2953;3171;6124
26/10/2017;213;349;562;94;213;307;16;35;51;17;24;41;11;32;43;3;12;15;0;0;0;10;2;12;2036;1933;3969;443;446;889;117;147;264;2960;3193;6153
27/10/2017;243;371;614;89;213;302;6;45;51;12;17;29;7;39;46;4;14;18;0;0;0;16;4;20;2234;2651;4885;496;592;1088;113;130;243;3220;4076;7296
28/10/2017;125;190;315;68;99;167;9;23;32;4;15;19;6;29;35;4;11;15;0;0;0;8;12;20;2014;2942;4956;463;782;1245;91;91;182;2792;4194;6986
29/10/2017;101;153;254;31;61;92;5;6;11;3;7;10;5;17;22;3;4;7;1;0;1;6;2;8;3054;2453;5507;616;607;1223;82;64;146;3907;3374;7281
30/10/2017;214;345;559;96;215;311;13;39;52;5;17;22;10;26;36;4;8;12;0;0;0;11;5;16;2217;2075;4292;672;504;1176;113;131;244;3355;3365;6720
31/10/2017;185;331;516;90;155;245;15;32;47;9;25;34;14;40;54;2;10;12;0;1;1;10;5;15;1896;2000;3896;441;438;879;77;116;193;2739;3153;5892
01/11/2017;210;299;509;94;136;230;11;34;45;10;21;31;6;48;54;6;19;25;2;0;2;11;16;27;2261;3260;5521;450;696;1146;105;125;230;3166;4654;7820
02/11/2017;112;192;304;45;81;126;9;12;21;4;16;20;8;15;23;2;5;7;0;0;0;8;2;10;3338;3380;6718;667;679;1346;77;81;158;4270;4463;8733
03/11/2017;183;226;409;84;126;210;17;30;47;6;21;27;3;44;47;4;8;12;0;0;0;8;4;12;2348;2497;4845;534;603;1137;117;119;236;3304;3678;6982
04/11/2017;145;178;323;73;94;167;5;32;37;2;18;20;3;38;41;2;12;14;0;0;0;2;8;10;2321;2952;5273;484;711;1195;75;90;165;3112;4133;7245
05/11/2017;105;144;249;32;37;69;11;5;16;8;6;14;4;13;17;6;7;13;0;0;0;8;2;10;3718;2510;6228;676;533;1209;110;78;188;4678;3335;8013
06/11/2017;193;360;553;91;161;252;9;41;50;4;9;13;13;32;45;2;13;15;1;0;1;6;8;14;2134;2227;4361;535;510;1045;116;122;238;3104;3483;6587
07/11/2017;164;299;463;83;177;260;8;28;36;5;16;21;9;42;51;2;18;20;0;0;0;7;7;14;1968;1964;3932;451;453;904;86;101;187;2783;3105;5888
08/11/2017;200;332;532;107;206;313;8;34;42;11;25;36;14;36;50;3;7;10;0;0;0;11;12;23;2084;2039;4123;441;461;902;115;123;238;2994;3275;6269
09/11/2017;217;355;572;116;213;329;15;36;51;13;26;39;21;42;63;12;17;29;0;0;0;11;11;22;2074;1947;4021;457;479;936;82;131;213;3018;3257;6275
10/11/2017;235;355;590;123;189;312;13;27;40;9;19;28;17;33;50;9;9;18;0;0;0;9;13;22;2473;2596;5069;482;627;1109;92;129;221;3462;3997;7459
11/11/2017;138;175;313;72;111;183;7;29;36;8;18;26;2;39;41;6;4;10;0;0;0;6;4;10;1951;3011;4962;478;800;1278;100;95;195;2768;4286;7054
12/11/2017;114;166;280;28;55;83;4;8;12;2;10;12;5;17;22;0;3;3;0;0;0;2;2;4;2963;2387;5350;658;588;1246;103;74;177;3879;3310;7189
13/11/2017;244;404;648;104;232;336;13;38;51;9;14;23;13;39;52;3;7;10;1;0;1;8;9;17;2273;2145;4418;632;524;1156;116;122;238;3416;3534;6950
14/11/2017;198;334;532;78;177;255;15;31;46;9;30;39;6;45;51;5;12;17;0;0;0;6;7;13;1882;2093;3975;451;524;975;96;101;197;2746;3354;6100
15/11/2017;105;173;278;52;97;149;2;22;24;7;9;16;5;24;29;4;9;13;0;0;0;3;9;12;2330;2228;4558;506;544;1050;51;82;133;3065;3197;6262
16/11/2017;229;380;609;101;250;351;14;38;52;6;21;27;9;21;30;5;3;8;0;0;0;7;10;17;2145;2032;4177;475;428;903;90;130;220;3081;3313;6394
17/11/2017;273;354;627;113;180;293;14;34;48;9;18;27;16;43;59;5;11;16;0;0;0;15;12;27;2393;2605;4998;481;607;1088;98;136;234;3417;4000;7417
18/11/2017;158;194;352;84;121;205;9;34;43;8;15;23;6;24;30;2;10;12;0;1;1;8;3;11;2027;2964;4991;461;748;1209;81;78;159;2844;4192;7036
19/11/2017;118;178;296;30;34;64;4;13;17;4;6;10;9;27;36;4;4;8;0;0;0;14;4;18;3120;2524;5644;639;607;1246;86;84;170;4028;3481;7509
20/11/2017;234;404;638;95;232;327;12;37;49;8;12;20;10;28;38;7;9;16;0;0;0;12;7;19;2069;2200;4269;534;473;1007;103;105;208;3084;3507;6591
21/11/2017;196;354;550;92;189;281;12;41;53;6;22;28;7;32;39;6;14;20;0;0;0;10;13;23;1877;1912;3789;459;438;897;80;109;189;2745;3124;5869
22/11/2017;221;329;550;115;214;329;11;31;42;3;20;23;6;41;47;10;16;26;0;0;0;8;7;15;1966;1937;3903;450;446;896;80;107;187;2870;3148;6018
23/11/2017;229;402;631;119;219;338;20;33;53;9;26;35;14;33;47;10;19;29;1;0;1;11;11;22;2073;1905;3978;459;459;918;88;110;198;3033;3217;6250
24/11/2017;257;335;592;128;170;298;18;57;75;11;15;26;6;36;42;11;11;22;0;0;0;15;9;24;2441;2594;5035;464;597;1061;90;123;213;3441;3947;7388
25/11/2017;149;204;353;86;107;193;18;30;48;5;18;23;5;34;39;2;11;13;0;0;0;7;2;9;2162;3110;5272;461;784;1245;87;96;183;2982;4396;7378
26/11/2017;121;196;317;41;46;87;10;14;24;2;11;13;7;18;25;2;4;6;0;0;0;8;4;12;3340;2674;6014;683;618;1301;94;79;173;4308;3664;7972
27/11/2017;235;435;670;113;248;361;17;41;58;8;9;17;7;31;38;7;12;19;0;0;0;9;7;16;2274;2111;4385;669;487;1156;81;106;187;3420;3487;6907
28/11/2017;211;358;569;94;193;287;8;28;36;10;11;21;4;31;35;2;7;9;0;1;1;14;8;22;1849;1941;3790;431;458;889;86;111;197;2709;3147;5856
29/11/2017;229;326;555;110;198;308;9;31;40;10;14;24;11;40;51;10;14;24;0;0;0;8;2;10;2064;2029;4093;456;463;919;106;119;225;3013;3236;6249
30/11/2017;216;367;583;109;199;308;18;43;61;15;18;33;13;26;39;13;15;28;1;0;1;10;6;16;2210;2122;4332;461;473;934;88;108;196;3154;3377;6531
01/12/2017;242;289;531;119;148;267;15;37;52;12;15;27;9;38;47;3;10;13;0;0;0;7;9;16;2420;2660;5080;502;737;1239;114;129;243;3443;4072;7515
02/12/2017;174;203;377;90;109;199;9;34;43;5;20;25;6;34;40;2;7;9;1;0;1;13;14;27;2355;3276;5631;473;785;1258;93;101;194;3221;4583;7804
03/12/2017;106;168;274;26;75;101;8;10;18;1;11;12;8;11;19;5;2;7;0;0;0;5;3;8;3071;2654;5725;650;618;1268;81;81;162;3961;3633;7594
04/12/2017;210;320;530;100;200;300;11;41;52;4;14;18;9;38;47;6;11;17;0;1;1;3;1;4;2171;2300;4471;539;498;1037;120;121;241;3173;3545;6718
05/12/2017;170;335;505;101;189;290;16;47;63;8;23;31;10;31;41;5;8;13;0;0;0;9;3;12;1989;2097;4086;450;485;935;80;102;182;2838;3320;6158
06/12/2017;153;324;477;102;205;307;9;46;55;5;20;25;3;50;53;2;10;12;0;0;0;5;10;15;2107;2144;4251;471;481;952;94;137;231;2951;3427;6378
07/12/2017;192;383;575;93;229;322;14;40;54;5;18;23;6;35;41;7;11;18;0;0;0;6;12;18;2162;2289;4451;455;450;905;103;121;224;3043;3588;6631
08/12/2017;264;356;620;132;188;320;12;35;47;7;20;27;7;41;48;4;15;19;0;0;0;9;10;19;2546;2772;5318;496;637;1133;99;132;231;3576;4206;7782
09/12/2017;173;227;400;91;135;226;14;25;39;7;18;25;4;26;30;7;11;18;0;0;0;14;5;19;2324;3290;5614;515;838;1353;121;116;237;3270;4691;7961
10/12/2017;152;252;404;52;65;117;7;12;19;2;6;8;8;15;23;3;7;10;1;0;1;9;3;12;3658;3177;6835;763;624;1387;125;117;242;4780;4278;9058
11/12/2017;228;359;587;120;220;340;12;29;41;2;13;15;7;30;37;6;6;12;0;0;0;4;2;6;2325;2399;4724;572;475;1047;122;123;245;3398;3656;7054
12/12/2017;216;325;541;98;212;310;5;34;39;9;23;32;7;33;40;2;13;15;0;0;0;3;6;9;2053;2168;4221;490;479;969;98;134;232;2981;3427;6408
13/12/2017;248;369;617;127;194;321;21;34;55;8;20;28;6;37;43;9;11;20;0;0;0;5;8;13;2163;2225;4388;491;486;977;119;135;254;3197;3519;6716
14/12/2017;244;378;622;118;211;329;16;27;43;7;17;24;9;61;70;5;5;10;0;0;0;16;9;25;2361;2229;4590;498;475;973;105;135;240;3379;3547;6926
15/12/2017;241;351;592;108;195;303;18;34;52;5;15;20;6;27;33;2;22;24;0;0;0;7;6;13;2610;2771;5381;487;663;1150;99;131;230;3583;4215;7798
16/12/2017;185;241;426;107;118;225;6;21;27;7;22;29;5;31;36;0;2;2;0;0;0;8;5;13;2322;3277;5599;493;789;1282;89;114;203;3222;4620;7842
17/12/2017;167;219;386;60;57;117;7;11;18;5;9;14;11;27;38;4;0;4;0;0;0;9;2;11;3610;3123;6733;699;593;1292;105;112;217;4677;4153;8830
18/12/2017;220;456;676;109;267;376;7;46;53;3;21;24;10;32;42;4;9;13;0;1;1;7;5;12;2314;2686;5000;616;516;1132;103;160;263;3393;4199;7592
19/12/2017;255;335;590;146;202;348;23;26;49;12;8;20;14;35;49;5;11;16;0;0;0;13;3;16;2675;2416;5091;470;450;920;112;116;228;3725;3602;7327
20/12/2017;305;417;722;127;244;371;11;33;44;7;20;27;12;34;46;7;10;17;1;1;2;14;11;25;2518;2795;5313;439;499;938;102;152;254;3543;4216;7759
21/12/2017;299;409;708;132;218;350;9;33;42;8;14;22;8;42;50;8;8;16;0;0;0;7;5;12;2526;2872;5398;475;440;915;130;141;271;3602;4182;7784
22/12/2017;313;368;681;144;174;318;16;32;48;5;24;29;5;34;39;6;5;11;0;0;0;8;2;10;2752;3989;6741;505;745;1250;137;146;283;3891;5519;9410
23/12/2017;264;326;590;132;187;319;17;21;38;7;10;17;4;23;27;2;5;7;0;0;0;5;2;7;2897;5364;8261;512;960;1472;120;119;239;3960;7017;10977
24/12/2017;138;272;410;57;27;84;4;6;10;4;8;12;2;10;12;1;1;2;0;0;0;3;1;4;2443;3540;5983;497;720;1217;73;83;156;3222;4668;7890
25/12/2017;249;131;380;51;37;88;2;3;5;2;2;4;3;11;14;2;3;5;0;0;0;2;0;2;4654;2891;7545;860;507;1367;125;58;183;5950;3643;9593
26/12/2017;303;367;670;143;251;394;9;36;45;6;14;20;6;38;44;2;9;11;0;0;0;1;1;2;3256;2648;5904;685;494;1179;157;116;273;4568;3974;8542
27/12/2017;307;345;652;146;231;377;6;40;46;8;13;21;4;31;35;4;3;7;1;0;1;2;5;7;2790;2686;5476;495;484;979;124;121;245;3887;3959;7846
28/12/2017;292;381;673;150;224;374;12;38;50;8;16;24;9;37;46;3;6;9;0;0;0;2;2;4;2923;2795;5718;517;509;1026;151;127;278;4067;4135;8202
29/12/2017;275;309;584;109;190;299;14;37;51;5;21;26;7;26;33;8;11;19;0;0;0;7;5;12;3447;4108;7555;629;754;1383;125;144;269;4626;5605;10231
30/12/2017;174;228;402;74;82;156;9;22;31;5;13;18;3;15;18;2;7;9;1;0;1;8;5;13;3324;5204;8528;632;1076;1708;94;130;224;4326;6782;11108
31/12/2017;150;79;229;63;22;85;3;4;7;3;4;7;1;3;4;2;1;3;0;0;0;5;0;5;2340;3188;5528;542;824;1366;105;60;165;3214;4185;7399
01/01/2018;153;146;299;63;32;95;2;4;6;0;3;3;0;11;11;2;0;2;0;0;0;1;1;2;3277;3328;6605;630;530;1160;96;97;193;4224;4152;8376
02/01/2018;303;290;593;167;185;352;10;30;40;4;21;25;6;35;41;3;8;11;1;0;1;1;5;6;3389;3236;6625;698;479;1177;157;108;265;4739;4397;9136
03/01/2018;291;317;608;155;192;347;20;27;47;7;14;21;11;30;41;2;13;15;0;1;1;12;7;19;2714;2577;5291;539;467;1006;94;131;225;3845;3776;7621
04/01/2018;293;361;654;144;229;373;19;37;56;8;16;24;13;29;42;3;7;10;1;0;1;5;8;13;2564;2495;5059;492;478;970;93;144;237;3635;3804;7439
05/01/2018;287;330;617;136;210;346;14;27;41;4;13;17;11;31;42;4;14;18;0;1;1;11;6;17;2643;2957;5600;528;618;1146;95;112;207;3733;4319;8052
06/01/2018;192;183;375;89;106;195;9;26;35;6;6;12;10;13;23;3;5;8;0;0;0;6;6;12;2346;3234;5580;530;736;1266;85;110;195;3276;4425;7701
07/01/2018;169;146;315;60;34;94;5;6;11;2;12;14;5;12;17;4;3;7;0;0;0;6;0;6;3093;2873;5966;633;587;1220;102;84;186;4079;3757;7836
08/01/2018;247;359;606;106;224;330;12;25;37;7;19;26;6;26;32;4;9;13;1;0;1;9;6;15;2733;2557;5290;653;520;1173;101;110;211;3879;3855;7734
09/01/2018;261;337;598;128;192;320;11;25;36;10;32;42;8;29;37;4;16;20;1;0;1;5;4;9;2101;2325;4426;505;458;963;116;120;236;3150;3538;6688
10/01/2018;280;323;603;133;228;361;25;31;56;9;18;27;9;38;47;11;9;20;0;0;0;9;6;15;2339;2325;4664;426;435;861;103;124;227;3344;3537;6881
11/01/2018;302;352;654;129;188;317;19;30;49;6;23;29;17;33;50;8;10;18;0;0;0;5;1;6;2405;2456;4861;516;501;1017;139;131;270;3546;3725;7271
12/01/2018;279;362;641;128;183;311;18;42;60;8;21;29;13;54;67;5;5;10;0;0;0;5;6;11;2668;3132;5800;491;616;1107;113;147;260;3728;4568;8296
13/01/2018;209;192;401;93;97;190;11;29;40;10;16;26;20;24;44;5;14;19;0;0;0;6;5;11;2223;3274;5497;539;764;1303;102;106;208;3218;4521;7739
14/01/2018;200;149;349;83;52;135;7;7;14;2;5;7;10;12;22;5;1;6;1;0;1;12;1;13;3435;2913;6348;723;625;1348;124;80;204;4602;3845;8447
15/01/2018;252;355;607;112;221;333;18;39;57;8;16;24;9;25;34;8;11;19;0;0;0;5;3;8;2559;2574;5133;644;503;1147;120;130;250;3735;3877;7612
16/01/2018;302;338;640;155;194;349;21;45;66;17;14;31;21;30;51;5;6;11;0;0;0;18;3;21;2092;2366;4458;472;434;906;113;128;241;3216;3558;6774
17/01/2018;287;344;631;122;188;310;12;41;53;7;21;28;13;32;45;9;8;17;0;0;0;9;10;19;2258;2391;4649;463;485;948;102;114;216;3282;3634;6916
18/01/2018;293;367;660;166;212;378;15;34;49;13;17;30;21;37;58;6;8;14;0;0;0;21;6;27;2304;2475;4779;453;464;917;124;130;254;3416;3750;7166
19/01/2018;284;322;606;158;189;347;18;40;58;5;24;29;13;27;40;11;7;18;0;0;0;12;5;17;2495;3102;5597;467;589;1056;130;140;270;3593;4445;8038
20/01/2018;203;161;364;102;98;200;14;18;32;8;15;23;7;25;32;3;2;5;0;0;0;5;3;8;2431;3300;5731;532;824;1356;116;86;202;3421;4532;7953
21/01/2018;191;141;332;74;35;109;7;8;15;5;8;13;4;18;22;3;7;10;0;0;0;4;2;6;3330;2738;6068;666;663;1329;126;75;201;4410;3695;8105
22/01/2018;222;329;551;108;219;327;12;30;42;5;14;19;12;29;41;3;6;9;0;1;1;3;6;9;2412;2356;4768;629;513;1142;100;113;213;3506;3616;7122
23/01/2018;252;318;570;131;166;297;23;33;56;7;17;24;23;40;63;11;10;21;0;0;0;17;3;20;2041;2162;4203;466;431;897;89;118;207;3060;3298;6358
24/01/2018;291;313;604;134;182;316;17;31;48;12;20;32;19;41;60;11;14;25;0;1;1;19;8;27;2130;2235;4365;430;432;862;136;148;284;3199;3425;6624
25/01/2018;252;333;585;143;217;360;15;29;44;19;21;40;14;37;51;2;16;18;0;0;0;11;6;17;2250;2211;4461;443;438;881;115;135;250;3264;3443;6707
26/01/2018;265;317;582;131;195;326;13;36;49;10;14;24;12;29;41;8;6;14;0;0;0;8;2;10;2469;2763;5232;469;612;1081;136;113;249;3521;4087;7608
27/01/2018;192;184;376;92;101;193;16;14;30;15;16;31;10;37;47;7;8;15;0;0;0;26;5;31;2002;2906;4908;412;498;910;86;110;196;2858;3879;6737
28/01/2018;155;123;278;62;48;110;8;10;18;1;7;8;4;4;8;2;0;2;0;0;0;1;4;5;2830;2753;5583;536;642;1178;101;77;178;3700;3668;7368
29/01/2018;260;339;599;108;211;319;17;42;59;5;13;18;18;32;50;7;7;14;0;0;0;2;5;7;2215;2204;4419;606;483;1089;128;111;239;3366;3447;6813
30/01/2018;228;311;539;116;176;292;25;48;73;9;19;28;16;36;52;5;5;10;1;0;1;8;2;10;1942;2065;4007;498;447;945;128;109;237;2976;3218;6194
31/01/2018;274;278;552;124;172;296;13;30;43;10;18;28;8;31;39;5;11;16;0;0;0;17;9;26;2012;2056;4068;497;478;975;119;122;241;3079;3205;6284
01/02/2018;233;314;547;125;159;284;26;34;60;10;23;33;20;39;59;7;8;15;0;0;0;12;8;20;2137;2067;4204;480;488;968;119;136;255;3169;3276;6445
02/02/2018;258;264;522;127;150;277;17;34;51;10;18;28;14;40;54;7;10;17;0;0;0;19;4;23;2286;2566;4852;449;569;1018;131;138;269;3318;3793;7111
03/02/2018;166;176;342;71;111;182;19;23;42;7;17;24;7;30;37;6;8;14;0;0;0;4;9;13;2103;2954;5057;468;747;1215;99;109;208;2950;4184;7134
04/02/2018;165;118;283;95;41;136;4;10;14;3;5;8;9;8;17;1;2;3;0;0;0;7;1;8;2669;2494;5163;602;658;1260;105;88;193;3660;3425;7085
05/02/2018;270;317;587;133;198;331;19;29;48;9;15;24;21;20;41;7;9;16;0;0;0;15;5;20;2105;2195;4300;666;434;1100;146;131;277;3391;3353;6744
06/02/2018;269;284;553;138;212;350;12;27;39;15;20;35;17;28;45;7;9;16;0;0;0;14;4;18;1794;2080;3874;520;467;987;153;114;267;2939;3245;6184
07/02/2018;288;339;627;125;181;306;14;20;34;9;13;22;12;32;44;7;14;21;0;2;2;7;11;18;1990;2072;4062;473;477;950;141;129;270;3066;3290;6356
08/02/2018;290;345;635;118;212;330;18;24;42;14;20;34;17;30;47;7;10;17;0;0;0;16;8;24;2120;2316;4436;505;484;989;181;128;309;3286;3577;6863
09/02/2018;316;341;657;118;188;306;17;38;55;12;15;27;8;29;37;2;11;13;0;1;1;2;6;8;2684;4226;6910;485;732;1217;202;176;378;3846;5763;9609
10/02/2018;235;308;543;98;142;240;14;8;22;4;4;8;4;15;19;3;1;4;0;0;0;4;1;5;2532;4724;7256;499;923;1422;124;128;252;3517;6254;9771
11/02/2018;125;84;209;26;32;58;7;5;12;5;6;11;8;6;14;2;3;5;0;0;0;8;0;8;2316;3539;5855;500;792;1292;72;60;132;3069;4527;7596
12/02/2018;90;128;218;33;50;83;11;11;22;6;3;9;6;12;18;12;1;13;0;0;0;14;0;14;2502;2402;4904;656;451;1107;59;49;108;3389;3107;6496
13/02/2018;180;117;297;61;22;83;10;1;11;1;4;5;6;6;12;6;4;10;0;0;0;6;1;7;4006;2359;6365;783;505;1288;143;68;211;5202;3087;8289
14/02/2018;265;259;524;111;140;251;9;21;30;3;13;16;9;7;16;4;6;10;2;0;2;10;2;12;4131;2082;6213;887;333;1220;139;87;226;5570;2950;8520
15/02/2018;234;334;568;111;207;318;22;45;67;7;16;23;16;49;65;2;7;9;0;0;0;10;3;13;2441;2070;4511;613;434;1047;144;121;265;3600;3286;6886
16/02/2018;257;304;561;142;200;342;18;39;57;4;19;23;8;44;52;2;14;16;1;0;1;11;7;18;2037;2217;4254;525;549;1074;134;106;240;3139;3499;6638
17/02/2018;173;172;345;119;105;224;13;27;40;10;15;25;8;24;32;7;11;18;0;0;0;11;5;16;1826;2540;4366;463;551;1014;71;86;157;2701;3536;6237
18/02/2018;180;113;293;75;46;121;8;8;16;3;5;8;7;12;19;1;1;2;0;0;0;6;3;9;2961;2405;5366;656;678;1334;139;68;207;4036;3339;7375
19/02/2018;235;341;576;117;213;330;12;31;43;13;10;23;8;24;32;11;6;17;0;0;0;9;2;11;2204;2135;4339;645;481;1126;124;119;243;3378;3362;6740
20/02/2018;229;316;545;101;186;287;15;40;55;14;22;36;11;34;45;4;7;11;0;0;0;3;1;4;1799;2014;3813;468;451;919;106;116;222;2750;3187;5937
21/02/2018;237;302;539;115;180;295;17;36;53;6;12;18;11;30;41;4;12;16;0;0;0;5;1;6;1854;1843;3697;479;472;951;96;115;211;2824;3003;5827
22/02/2018;225;304;529;131;184;315;8;29;37;10;22;32;16;25;41;3;12;15;2;1;3;15;6;21;2080;1922;4002;428;446;874;101;120;221;3019;3071;6090
23/02/2018;225;287;512;107;162;269;14;31;45;10;13;23;10;29;39;4;10;14;0;0;0;19;4;23;2241;2520;4761;442;608;1050;89;120;209;3161;3784;6945
24/02/2018;159;190;349;101;90;191;8;20;28;1;16;17;5;32;37;2;9;11;0;0;0;6;0;6;2006;2874;4880;464;831;1295;85;94;179;2837;4156;6993
25/02/2018;150;123;273;59;45;104;6;5;11;2;4;6;4;11;15;5;5;10;0;0;0;3;0;3;2804;2743;5547;594;717;1311;98;63;161;3725;3716;7441
26/02/2018;206;350;556;103;213;316;14;28;42;9;14;23;16;20;36;3;9;12;0;0;0;12;5;17;2184;2052;4236;592;494;1086;96;137;233;3235;3322;6557
27/02/2018;214;318;532;93;181;274;14;33;47;16;24;40;3;31;34;4;11;15;0;1;1;7;1;8;1884;1928;3812;459;457;916;97;105;202;2791;3090;5881
28/02/2018;202;291;493;89;164;253;13;26;39;8;10;18;8;34;42;2;9;11;0;0;0;11;6;17;1968;1978;3946;440;456;896;83;110;193;2824;3084;5908
01/03/2018;177;276;453;104;127;231;6;19;25;7;13;20;11;35;46;3;5;8;0;0;0;7;4;11;1918;1947;3865;420;411;831;75;132;207;2728;2969;5697
02/03/2018;212;265;477;107;117;224;9;35;44;11;25;36;6;34;40;7;5;12;0;0;0;11;7;18;2333;2621;4954;500;617;1117;92;128;220;3288;3854;7142
03/03/2018;164;164;328;82;78;160;7;14;21;9;17;26;3;30;33;1;4;5;0;0;0;4;6;10;2235;2906;5141;514;819;1333;87;99;186;3106;4137;7243
04/03/2018;149;86;235;69;46;115;3;4;7;4;4;8;6;16;22;4;2;6;0;0;0;0;4;4;3064;2679;5743;660;727;1387;93;84;177;4052;3652;7704
05/03/2018;179;292;471;85;185;270;12;24;36;5;18;23;8;13;21;2;10;12;0;1;1;8;3;11;2173;2120;4293;662;518;1180;81;119;200;3215;3303;6518
06/03/2018;220;335;555;103;176;279;8;33;41;9;11;20;9;39;48;8;7;15;0;0;0;7;3;10;1978;2102;4080;471;481;952;92;97;189;2905;3284;6189
07/03/2018;244;308;552;127;195;322;13;35;48;10;25;35;12;33;45;5;7;12;0;0;0;11;5;16;1891;1958;3849;456;450;906;77;104;181;2846;3120;5966
08/03/2018;217;355;572;138;188;326;12;40;52;17;23;40;14;28;42;5;10;15;0;0;0;12;2;14;2038;1923;3961;467;470;937;87;117;204;3007;3156;6163
09/03/2018;255;312;567;115;145;260;16;34;50;7;11;18;10;22;32;12;9;21;0;0;0;9;8;17;2301;2544;4845;461;650;1111;95;129;224;3281;3864;7145
10/03/2018;141;177;318;84;73;157;12;22;34;7;18;25;4;24;28;2;10;12;0;0;0;10;6;16;2017;2695;4712;501;690;1191;74;99;173;2852;3814;6666
11/03/2018;153;111;264;57;43;100;9;8;17;5;8;13;4;6;10;2;3;5;0;0;0;7;1;8;2705;2646;5351;583;720;1303;101;80;181;3626;3626;7252
12/03/2018;198;328;526;97;217;314;10;40;50;9;13;22;8;27;35;4;8;12;1;0;1;13;3;16;2188;2121;4309;629;522;1151;74;122;196;3231;3401;6632
13/03/2018;199;313;512;109;158;267;10;28;38;9;22;31;15;47;62;4;5;9;0;0;0;9;4;13;1924;1968;3892;447;455;902;71;129;200;2797;3129;5926
14/03/2018;221;292;513;85;174;259;4;31;35;4;25;29;7;33;40;3;7;10;0;0;0;7;4;11;1920;1937;3857;448;468;916;83;121;204;2782;3092;5874
15/03/2018;225;352;577;117;194;311;17;30;47;7;27;34;17;39;56;3;8;11;0;0;0;10;4;14;2061;1885;3946;437;436;873;71;122;193;2965;3097;6062
16/03/2018;253;345;598;140;188;328;11;44;55;6;24;30;4;31;35;6;11;17;0;0;0;15;0;15;2426;2790;5216;514;678;1192;106;142;248;3481;4253;7734
17/03/2018;184;215;399;91;93;184;5;32;37;5;15;20;7;36;43;4;7;11;0;1;1;2;1;3;2220;4036;6256;458;821;1279;115;135;250;3091;5392;8483
18/03/2018;130;125;255;53;40;93;9;11;20;1;8;9;3;8;11;6;2;8;0;0;0;4;1;5;2710;2922;5632;644;786;1430;80;82;162;3640;3985;7625
19/03/2018;179;150;329;75;71;146;2;7;9;5;5;10;10;12;22;10;4;14;0;0;0;8;0;8;3259;2319;5578;657;562;1219;119;58;177;4324;3188;7512
20/03/2018;178;320;498;105;211;316;15;46;61;8;12;20;7;14;21;2;8;10;0;1;1;9;5;14;2245;2063;4308;605;457;1062;64;110;174;3238;3247;6485
21/03/2018;192;341;533;129;165;294;14;31;45;7;20;27;7;29;36;7;10;17;1;0;1;8;4;12;1893;1889;3782;432;434;866;82;118;200;2772;3041;5813
22/03/2018;203;311;514;98;203;301;10;37;47;10;23;33;15;32;47;7;8;15;0;0;0;6;8;14;1862;1782;3644;399;412;811;54;113;167;2664;2929;5593
23/03/2018;241;326;567;141;201;342;14;41;55;7;22;29;10;41;51;3;8;11;0;0;0;4;6;10;2173;2232;4405;494;630;1124;99;118;217;3186;3625;6811
24/03/2018;166;177;343;101;116;217;4;25;29;9;15;24;8;14;22;1;8;9;0;0;0;5;4;9;1878;2429;4307;498;672;1170;70;91;161;2740;3551;6291
25/03/2018;124;139;263;45;36;81;12;16;28;3;9;12;5;5;10;4;1;5;1;0;1;12;4;16;2629;2234;4863;561;540;1101;65;55;120;3461;3039;6500
26/03/2018;217;340;557;126;216;342;16;31;47;11;15;26;21;28;49;7;3;10;0;0;0;16;6;22;1921;1993;3914;585;446;1031;76;126;202;2996;3204;6200
27/03/2018;238;335;573;133;233;366;18;46;64;20;23;43;19;42;61;10;6;16;0;0;0;13;7;20;1890;1996;3886;413;427;840;80;131;211;2834;3246;6080
28/03/2018;297;371;668;158;205;363;17;38;55;8;26;34;14;37;51;9;11;20;0;0;0;8;4;12;2346;2846;5192;422;472;894;107;163;270;3386;4173;7559
29/03/2018;256;276;532;117;125;242;20;20;40;7;12;19;19;16;35;3;4;7;0;0;0;6;2;8;2440;5424;7864;453;906;1359;85;139;224;3406;6924;10330
30/03/2018;142;117;259;51;33;84;6;4;10;2;4;6;3;7;10;4;3;7;0;0;0;11;1;12;2190;3055;5245;469;618;1087;62;56;118;2940;3898;6838
31/03/2018;131;105;236;59;51;110;4;8;12;2;11;13;11;10;21;3;4;7;0;0;0;9;2;11;2288;2451;4739;519;682;1201;84;76;160;3110;3400;6510
01/04/2018;200;137;337;99;27;126;1;7;8;2;4;6;0;6;6;0;1;1;0;0;0;0;2;2;2586;2540;5126;447;621;1068;98;83;181;3433;3428;6861
02/04/2018;236;359;595;120;203;323;8;33;41;7;6;13;13;19;32;1;7;8;0;1;1;4;5;9;3171;2102;5273;791;448;1239;109;151;260;4460;3334;7794
03/04/2018;216;303;519;123;178;301;11;29;40;12;14;26;10;28;38;5;3;8;0;0;0;3;4;7;1897;1834;3731;435;446;881;88;101;189;2800;2940;5740
04/04/2018;266;317;583;140;198;338;15;30;45;13;15;28;11;30;41;8;9;17;0;1;1;12;1;13;1962;1840;3802;412;445;857;74;111;185;2913;2997;5910
05/04/2018;215;342;557;112;202;314;12;28;40;10;20;30;15;30;45;7;7;14;0;0;0;7;5;12;2026;1901;3927;463;446;909;78;111;189;2945;3092;6037
06/04/2018;238;308;546;150;195;345;22;32;54;11;17;28;14;26;40;4;7;11;0;0;0;5;2;7;2182;2250;4432;474;584;1058;96;144;240;3196;3565;6761
07/04/2018;149;179;328;86;86;172;12;18;30;7;16;23;5;20;25;1;2;3;0;0;0;10;3;13;2058;2511;4569;508;746;1254;75;101;176;2911;3682;6593
08/04/2018;136;118;254;63;44;107;7;10;17;1;4;5;9;10;19;2;2;4;0;0;0;6;1;7;2552;2221;4773;520;550;1070;70;61;131;3366;3021;6387
09/04/2018;211;340;551;120;222;342;16;32;48;4;11;15;15;22;37;8;8;16;0;0;0;8;2;10;1917;2058;3975;543;489;1032;91;124;215;2933;3308;6241
10/04/2018;217;294;511;124;174;298;11;31;42;11;20;31;15;31;46;9;5;14;0;0;0;12;1;13;1774;1906;3680;445;446;891;84;107;191;2702;3015;5717
11/04/2018;239;293;532;110;177;287;18;24;42;11;16;27;7;37;44;1;4;5;0;0;0;11;5;16;1839;1848;3687;452;444;896;73;97;170;2761;2945;5706
12/04/2018;228;336;564;124;148;272;16;38;54;10;21;31;16;37;53;8;11;19;1;0;1;7;3;10;1907;1862;3769;449;477;926;80;100;180;2846;3033;5879
13/04/2018;229;274;503;101;122;223;16;28;44;8;11;19;9;23;32;0;7;7;0;0;0;10;5;15;2111;2454;4565;484;616;1100;81;116;197;3049;3656;6705
14/04/2018;140;160;300;83;73;156;10;25;35;9;22;31;13;34;47;6;10;16;0;0;0;11;2;13;1893;2896;4789;529;805;1334;62;89;151;2756;4116;6872
15/04/2018;170;131;301;84;35;119;5;6;11;5;5;10;7;13;20;4;1;5;0;0;0;11;2;13;3209;2625;5834;642;635;1277;106;67;173;4243;3520;7763
16/04/2018;229;352;581;103;188;291;16;35;51;10;10;20;15;29;44;6;8;14;0;0;0;15;3;18;2096;1981;4077;573;444;1017;72;116;188;3135;3166;6301
17/04/2018;210;280;490;90;133;223;22;21;43;13;18;31;17;41;58;8;9;17;1;0;1;17;3;20;1665;1872;3537;395;402;797;60;105;165;2498;2884;5382
18/04/2018;248;327;575;102;150;252;18;30;48;9;14;23;21;53;74;9;8;17;0;0;0;17;5;22;1966;1854;3820;421;448;869;61;101;162;2872;2990;5862
19/04/2018;179;302;481;96;156;252;11;30;41;9;27;36;12;24;36;5;10;15;0;0;0;16;1;17;2013;1849;3862;467;466;933;70;113;183;2878;2978;5856
20/04/2018;239;319;558;107;159;266;11;29;40;3;18;21;10;35;45;2;11;13;1;0;1;11;7;18;2265;2887;5152;468;693;1161;66;144;210;3183;4302;7485
21/04/2018;159;159;318;92;87;179;9;23;32;2;14;16;7;18;25;2;8;10;0;0;0;8;3;11;2115;3177;5292;543;843;1386;70;85;155;3007;4417;7424
22/04/2018;167;105;272;72;33;105;13;7;20;5;4;9;3;12;15;3;2;5;0;0;0;6;2;8;3272;2485;5757;686;651;1337;113;61;174;4340;3362;7702
23/04/2018;211;346;557;92;222;314;7;33;40;7;13;20;11;24;35;5;8;13;0;0;0;9;2;11;2214;2080;4294;641;481;1122;78;115;193;3275;3324;6599
24/04/2018;206;314;520;102;202;304;11;38;49;5;19;24;17;43;60;4;7;11;0;1;1;6;2;8;1851;1859;3710;403;442;845;57;111;168;2662;3038;5700
25/04/2018;231;324;555;127;173;300;10;21;31;7;16;23;8;37;45;4;7;11;1;0;1;8;7;15;1999;1918;3917;460;465;925;79;124;203;2934;3092;6026
26/04/2018;232;346;578;113;196;309;16;34;50;9;21;30;8;46;54;8;11;19;0;0;0;10;6;16;2035;1883;3918;447;458;905;116;129;245;2994;3130;6124
27/04/2018;274;301;575;141;186;327;18;32;50;7;19;26;9;36;45;8;10;18;0;0;0;6;7;13;2572;2662;5234;501;660;1161;81;139;220;3617;4052;7669
28/04/2018;172;185;357;87;107;194;14;14;28;7;17;24;8;36;44;3;5;8;0;0;0;14;5;19;2297;3542;5839;483;789;1272;72;102;174;3157;4802;7959
29/04/2018;161;137;298;67;47;114;5;9;14;4;5;9;9;8;17;7;1;8;0;0;0;10;3;13;2708;2643;5351;557;707;1264;86;77;163;3614;3637;7251
30/04/2018;172;287;459;100;197;297;9;29;38;7;13;20;10;32;42;5;8;13;1;0;1;9;3;12;2233;2362;4595;571;557;1128;62;131;193;3179;3619;6798
01/05/2018;158;129;287;66;64;130;8;21;29;7;10;17;7;21;28;7;5;12;0;0;0;3;5;8;3035;2655;5690;627;637;1264;84;80;164;4002;3627;7629
02/05/2018;165;258;423;84;153;237;11;31;42;8;15;23;18;27;45;9;10;19;0;1;1;4;5;9;2199;2101;4300;555;480;1035;78;113;191;3131;3194;6325
03/05/2018;181;304;485;94;156;250;16;29;45;6;11;17;13;35;48;5;11;16;0;0;0;6;4;10;1940;1900;3840;448;477;925;67;105;172;2776;3032;5808
04/05/2018;187;246;433;100;173;273;9;34;43;5;19;24;5;37;42;4;5;9;0;0;0;11;4;15;2129;2359;4488;484;638;1122;85;123;208;3019;3638;6657
05/05/2018;178;199;377;81;90;171;12;25;37;1;17;18;12;26;38;3;8;11;1;0;1;9;3;12;2110;2775;4885;506;794;1300;73;89;162;2986;4026;7012
06/05/2018;139;118;257;55;29;84;10;5;15;1;8;9;11;6;17;8;1;9;0;0;0;19;1;20;2516;2426;4942;509;570;1079;85;65;150;3353;3229;6582
07/05/2018;227;320;547;115;198;313;15;26;41;7;14;21;11;31;42;6;7;13;0;0;0;17;2;19;2039;2142;4181;495;501;996;65;112;177;2997;3353;6350
08/05/2018;192;283;475;95;186;281;26;29;55;8;12;20;16;42;58;9;14;23;0;0;0;11;5;16;1847;1933;3780;468;492;960;77;97;174;2749;3093;5842
09/05/2018;261;307;568;127;187;314;16;27;43;10;17;27;13;42;55;6;11;17;1;0;1;23;7;30;1938;1935;3873;439;450;889;79;125;204;2913;3108;6021
10/05/2018;228;299;527;112;167;279;17;30;47;8;16;24;19;38;57;6;9;15;0;0;0;12;6;18;1916;1997;3913;412;430;842;59;123;182;2789;3115;5904
11/05/2018;267;319;586;110;174;284;15;36;51;9;25;34;6;34;40;6;15;21;0;1;1;8;10;18;2414;2938;5352;491;683;1174;87;150;237;3413;4385;7798
12/05/2018;195;189;384;73;97;170;12;13;25;8;12;20;8;24;32;5;8;13;0;0;0;20;5;25;2290;4126;6416;511;997;1508;65;113;178;3187;5584;8771
13/05/2018;160;108;268;51;37;88;5;9;14;2;8;10;2;14;16;3;0;3;0;0;0;7;2;9;3044;3106;6150;590;764;1354;93;51;144;3957;4099;8056
14/05/2018;228;354;582;82;212;294;5;31;36;8;16;24;6;30;36;7;10;17;0;0;0;7;0;7;2553;2187;4740;676;506;1182;82;128;210;3654;3474;7128
15/05/2018;233;360;593;106;206;312;10;33;43;12;31;43;10;40;50;8;8;16;1;0;1;8;11;19;1929;1938;3867;484;480;964;73;124;197;2874;3231;6105
16/05/2018;214;282;496;86;138;224;20;25;45;5;22;27;14;43;57;5;18;23;0;0;0;10;4;14;2013;1893;3906;454;480;934;62;92;154;2883;2997;5880
17/05/2018;250;384;634;117;204;321;8;23;31;8;23;31;16;31;47;12;8;20;0;0;0;17;2;19;2003;1900;3903;447;427;874;85;137;222;2963;3139;6102
18/05/2018;246;312;558;90;157;247;10;25;35;10;23;33;6;41;47;2;6;8;0;0;0;9;5;14;2235;2532;4767;453;616;1069;91;125;216;3152;3842;6994
19/05/2018;177;149;326;72;73;145;10;18;28;5;10;15;5;29;34;2;9;11;0;0;0;9;6;15;2050;2857;4907;471;765;1236;77;111;188;2878;4027;6905
20/05/2018;156;125;281;68;28;96;7;11;18;4;10;14;8;18;26;3;2;5;0;0;0;7;3;10;2989;2420;5409;648;700;1348;102;75;177;3992;3392;7384
21/05/2018;218;347;565;86;170;256;14;25;39;6;12;18;6;18;24;3;6;9;0;0;0;13;1;14;2092;2003;4095;633;475;1108;45;110;155;3116;3167;6283
22/05/2018;231;318;549;113;191;304;13;33;46;9;17;26;7;23;30;3;12;15;0;0;0;8;8;16;1813;1924;3737;433;468;901;77;115;192;2707;3109;5816
23/05/2018;234;309;543;89;177;266;9;23;32;7;19;26;4;15;19;3;5;8;0;0;0;7;6;13;1905;1824;3729;398;482;880;76;102;178;2732;2962;5694
24/05/2018;184;311;495;74;139;213;5;12;17;2;8;10;3;9;12;2;4;6;0;0;0;4;1;5;1851;1867;3718;413;464;877;59;98;157;2597;2913;5510
25/05/2018;171;226;397;63;59;122;2;7;9;0;1;1;1;0;1;1;1;2;0;0;0;0;1;1;1899;2185;4084;454;615;1069;61;77;138;2652;3172;5824
26/05/2018;121;129;250;50;54;104;4;9;13;1;4;5;1;0;1;0;0;0;0;0;0;0;0;0;1641;2236;3877;456;748;1204;33;67;100;2307;3247;5554
27/05/2018;0;0;0;0;0;0;0;0;0;0;0;0;0;0;0;0;0;0;0;0;0;0;0;0;0;0;0;0;0;0;0;0;0;0;0;0
28/05/2018;186;265;451;75;105;180;4;7;11;0;2;2;0;4;4;0;2;2;0;0;0;0;1;1;1902;1803;3705;552;495;1047;64;84;148;2783;2768;5551
29/05/2018;175;253;428;62;101;163;3;11;14;1;4;5;1;5;6;0;2;2;0;0;0;0;1;1;1658;1634;3292;438;471;909;43;87;130;2381;2569;4950
30/05/2018;210;269;479;82;142;224;9;12;21;1;9;10;1;20;21;0;3;3;0;0;0;0;2;2;1974;2084;4058;480;588;1068;64;114;178;2821;3243;6064
31/05/2018;124;152;276;64;106;170;13;31;44;8;11;19;5;32;37;2;4;6;0;0;0;13;7;20;2045;2620;4665;489;599;1088;70;92;162;2833;3654;6487
01/06/2018;161;229;390;98;133;231;10;35;45;5;21;26;9;47;56;6;7;13;0;0;0;9;8;17;1999;2426;4425;469;636;1105;73;116;189;2839;3658;6497
02/06/2018;155;191;346;72;94;166;9;24;33;13;13;26;8;24;32;3;12;15;0;0;0;7;4;11;2000;2743;4743;521;824;1345;62;109;171;2850;4038;6888
03/06/2018;150;129;279;73;65;138;4;12;16;5;17;22;6;15;21;7;2;9;0;0;0;15;5;20;2912;2623;5535;563;609;1172;94;87;181;3829;3564;7393
04/06/2018;163;290;453;94;164;258;12;37;49;11;12;23;7;34;41;4;8;12;0;0;0;19;6;25;2100;2049;4149;610;545;1155;93;109;202;3113;3254;6367
05/06/2018;171;272;443;93;149;242;13;34;47;12;24;36;11;51;62;1;13;14;1;0;1;5;7;12;1816;1927;3743;480;502;982;79;105;184;2682;3084;5766
06/06/2018;216;276;492;96;148;244;13;47;60;10;14;24;7;51;58;7;11;18;0;0;0;15;5;20;1925;1846;3771;445;485;930;76;122;198;2810;3005;5815
07/06/2018;176;293;469;115;143;258;14;38;52;11;22;33;14;33;47;7;8;15;0;0;0;12;4;16;2010;1989;3999;482;491;973;80;120;200;2921;3141;6062
08/06/2018;210;270;480;107;131;238;10;30;40;10;26;36;9;47;56;4;12;16;1;0;1;11;4;15;2217;2538;4755;485;658;1143;104;146;250;3168;3862;7030
09/06/2018;164;199;363;83;97;180;6;23;29;8;24;32;12;24;36;4;11;15;0;0;0;14;2;16;2019;2779;4798;485;787;1272;63;104;167;2858;4050;6908
10/06/2018;135;150;285;51;36;87;5;10;15;0;4;4;8;18;26;3;7;10;0;0;0;15;5;20;2629;2399;5028;534;601;1135;88;70;158;3468;3300;6768
11/06/2018;162;297;459;91;182;273;11;30;41;14;14;28;19;36;55;11;7;18;0;0;0;6;6;12;1931;2041;3972;553;523;1076;96;119;215;2894;3255;6149
12/06/2018;168;283;451;92;159;251;16;46;62;13;26;39;12;39;51;7;18;25;0;1;1;10;4;14;1868;2072;3940;471;516;987;60;110;170;2717;3274;5991
13/06/2018;193;276;469;107;123;230;14;32;46;9;30;39;8;40;48;9;11;20;0;0;0;12;6;18;2119;2033;4152;494;496;990;76;117;193;3041;3164;6205
14/06/2018;185;292;477;89;158;247;16;43;59;6;12;18;11;47;58;2;6;8;0;0;0;16;5;21;2008;1886;3894;463;479;942;71;116;187;2867;3044;5911
15/06/2018;211;282;493;116;132;248;12;21;33;3;20;23;9;49;58;6;14;20;0;0;0;9;8;17;2146;2476;4622;448;636;1084;75;128;203;3035;3766;6801
16/06/2018;148;174;322;90;101;191;9;27;36;7;32;39;13;20;33;3;9;12;0;0;0;16;8;24;1955;2691;4646;493;845;1338;79;98;177;2813;4005;6818
17/06/2018;0;0;0;0;0;0;0;0;0;0;0;0;0;0;0;0;0;0;0;0;0;0;0;0;0;0;0;0;0;0;0;0;0;0;0;0
18/06/2018;178;286;464;91;139;230;15;30;45;10;15;25;21;26;47;9;10;19;0;0;0;19;5;24;2069;2049;4118;624;447;1071;75;135;210;3111;3142;6253
19/06/2018;168;256;424;96;155;251;17;41;58;7;16;23;8;37;45;4;12;16;0;0;0;12;8;20;1774;1850;3624;435;458;893;79;114;193;2600;2947;5547
20/06/2018;189;284;473;94;152;246;19;41;60;4;30;34;12;22;34;6;8;14;0;0;0;8;6;14;1935;1962;3897;443;463;906;69;105;174;2779;3073;5852
21/06/2018;176;310;486;85;156;241;15;37;52;7;27;34;14;38;52;5;10;15;1;0;1;13;8;21;2041;2148;4189;441;540;981;90;142;232;2888;3416;6304
22/06/2018;162;207;369;83;99;182;16;33;49;2;18;20;8;28;36;8;6;14;1;0;1;13;10;23;1714;2172;3886;401;587;988;54;94;148;2462;3254;5716
23/06/2018;142;176;318;59;94;153;14;33;47;10;23;33;8;23;31;4;10;14;0;0;0;23;5;28;1847;2789;4636;442;710;1152;48;91;139;2597;3954;6551
24/06/2018;141;119;260;66;50;116;4;8;12;1;9;10;4;12;16;2;4;6;1;0;1;5;3;8;2798;2154;4952;563;584;1147;77;66;143;3662;3009;6671
25/06/2018;164;294;458;91;167;258;10;33;43;8;15;23;13;27;40;3;6;9;0;1;1;9;3;12;2089;2028;4117;525;463;988;80;116;196;2992;3153;6145
26/06/2018;170;280;450;79;163;242;10;43;53;13;27;40;14;43;57;7;9;16;0;0;0;10;11;21;1885;1904;3789;416;470;886;78;114;192;2682;3064;5746
27/06/2018;0;0;0;0;0;0;0;0;0;0;0;0;0;0;0;0;0;0;0;0;0;0;0;0;0;0;0;0;0;0;0;0;0;0;0;0
28/06/2018;155;309;464;97;156;253;11;34;45;13;25;38;16;54;70;5;12;17;1;0;1;12;8;20;2148;2072;4220;475;484;959;90;139;229;3023;3293;6316
29/06/2018;210;267;477;125;129;254;12;27;39;11;38;49;12;34;46;4;12;16;0;1;1;9;9;18;2463;2875;5338;461;614;1075;81;157;238;3388;4163;7551
30/06/2018;146;190;336;81;101;182;11;29;40;7;17;24;8;31;39;5;10;15;0;0;0;13;4;17;2078;3144;5222;507;819;1326;78;114;192;2934;4459;7393
01/07/2018;167;132;299;66;43;109;10;15;25;7;12;19;12;18;30;4;2;6;0;0;0;8;4;12;2990;2304;5294;628;546;1174;102;48;150;3994;3124;7118
02/07/2018;146;240;386;67;133;200;15;31;46;10;15;25;7;23;30;6;10;16;1;0;1;17;2;19;2220;1745;3965;583;456;1039;85;89;174;3157;2744;5901
03/07/2018;185;266;451;109;140;249;15;24;39;11;13;24;8;28;36;2;12;14;0;1;1;0;3;3;2157;2298;4455;535;471;1006;92;115;207;3114;3371;6485
04/07/2018;198;262;460;116;140;256;18;28;46;8;24;32;11;33;44;15;17;32;0;0;0;8;9;17;2089;2174;4263;439;479;918;94;114;208;2996;3280;6276
05/07/2018;201;315;516;116;178;294;13;49;62;14;21;35;12;35;47;9;15;24;0;0;0;11;2;13;2538;2420;4958;510;488;998;113;120;233;3537;3643;7180
06/07/2018;194;200;394;103;104;207;17;18;35;5;9;14;9;26;35;8;12;20;0;0;0;9;6;15;1990;2698;4688;442;620;1062;95;122;217;2872;3815;6687
07/07/2018;155;180;335;85;95;180;12;14;26;6;17;23;16;19;35;7;10;17;0;1;1;15;2;17;2112;3212;5324;478;676;1154;63;116;179;2949;4342;7291
08/07/2018;180;141;321;70;38;108;10;12;22;6;7;13;18;26;44;7;3;10;0;0;0;14;2;16;3379;2494;5873;639;602;1241;118;78;196;4441;3403;7844
09/07/2018;176;277;453;71;153;224;13;40;53;11;13;24;11;35;46;3;8;11;0;0;0;14;2;16;2410;2297;4707;593;483;1076;96;149;245;3398;3457;6855
10/07/2018;196;227;423;109;137;246;16;27;43;20;25;45;25;35;60;6;13;19;0;0;0;15;8;23;1893;2122;4015;330;298;628;76;134;210;2686;3026;5712
11/07/2018;217;247;464;108;144;252;26;46;72;15;26;41;26;53;79;7;12;19;1;0;1;16;10;26;2158;2157;4315;440;472;912;87;153;240;3101;3320;6421
12/07/2018;195;285;480;115;162;277;15;29;44;14;18;32;21;38;59;7;10;17;0;0;0;16;9;25;2315;2385;4700;437;477;914;83;130;213;3218;3543;6761
13/07/2018;233;271;504;119;160;279;26;40;66;9;27;36;14;59;73;8;14;22;1;0;1;20;6;26;2528;3513;6041;467;641;1108;100;137;237;3525;4868;8393
14/07/2018;187;199;386;93;89;182;14;25;39;8;21;29;10;26;36;3;9;12;0;0;0;13;12;25;2120;3521;5641;470;863;1333;83;112;195;3001;4877;7878
15/07/2018;178;130;308;69;38;107;7;12;19;1;11;12;7;19;26;9;1;10;0;0;0;9;3;12;2941;2659;5600;556;536;1092;93;77;170;3870;3486;7356
16/07/2018;177;304;481;86;155;241;11;33;44;8;15;23;20;32;52;8;9;17;0;0;0;8;5;13;2805;2566;5371;670;470;1140;98;113;211;3891;3702;7593
17/07/2018;185;266;451;98;154;252;19;30;49;15;18;33;10;39;49;4;17;21;0;0;0;8;9;17;2216;2321;4537;491;446;937;90;109;199;3136;3409;6545
18/07/2018;207;251;458;122;157;279;20;40;60;11;23;34;22;39;61;9;7;16;1;1;2;13;8;21;2246;2385;4631;432;452;884;103;107;210;3186;3470;6656
19/07/2018;207;311;518;90;154;244;17;35;52;15;25;40;17;50;67;8;14;22;1;0;1;14;6;20;2323;2286;4609;439;450;889;83;130;213;3214;3461;6675
20/07/2018;229;266;495;109;124;233;20;25;45;3;27;30;14;30;44;7;8;15;0;0;0;6;6;12;2493;3436;5929;461;646;1107;88;138;226;3430;4706;8136
21/07/2018;190;201;391;99;99;198;9;23;32;7;21;28;12;32;44;16;15;31;0;0;0;16;2;18;2377;3806;6183;512;908;1420;70;111;181;3308;5218;8526
22/07/2018;204;180;384;98;51;149;6;12;18;5;11;16;11;13;24;3;1;4;0;0;0;7;6;13;3394;2918;6312;683;630;1313;97;74;171;4508;3896;8404
23/07/2018;170;289;459;72;185;257;17;28;45;7;19;26;20;26;46;9;11;20;0;0;0;7;4;11;2713;2583;5296;665;509;1174;89;132;221;3769;3786;7555
24/07/2018;202;289;491;100;131;231;14;39;53;12;17;29;14;45;59;7;11;18;0;0;0;12;3;15;2105;2368;4473;483;474;957;78;147;225;3027;3524;6551
25/07/2018;207;245;452;120;144;264;16;27;43;12;26;38;11;41;52;4;7;11;0;0;0;13;11;24;2246;2417;4663;468;501;969;94;137;231;3191;3556;6747
26/07/2018;216;315;531;131;179;310;14;38;52;9;32;41;20;48;68;9;11;20;0;0;0;10;4;14;2723;2376;5099;491;452;943;97;125;222;3720;3580;7300
27/07/2018;255;303;558;131;177;308;15;38;53;10;21;31;10;42;52;8;8;16;1;0;1;9;8;17;2784;3270;6054;516;652;1168;85;167;252;3824;4686;8510
28/07/2018;196;221;417;96;88;184;11;20;31;4;19;23;9;28;37;3;3;6;0;0;0;9;7;16;2395;3550;5945;489;828;1317;88;129;217;3300;4893;8193
29/07/2018;186;160;346;78;46;124;5;9;14;3;10;13;10;30;40;4;6;10;0;0;0;8;3;11;3339;2825;6164;585;573;1158;106;91;197;4324;3753;8077
30/07/2018;200;298;498;101;160;261;21;40;61;12;11;23;16;19;35;8;7;15;2;1;3;15;2;17;2767;2450;5217;662;494;1156;92;131;223;3896;3613;7509
31/07/2018;193;272;465;100;164;264;15;39;54;19;13;32;11;43;54;5;13;18;0;0;0;8;1;9;2108;2121;4229;459;418;877;81;119;200;2999;3203;6202
01/08/2018;213;275;488;109;160;269;16;46;62;10;34;44;15;37;52;5;12;17;0;0;0;3;3;6;2032;2037;4069;456;494;950;92;133;225;2951;3231;6182
02/08/2018;201;325;526;115;156;271;23;46;69;12;15;27;17;25;42;7;9;16;0;0;0;21;10;31;2030;2091;4121;432;466;898;84;126;210;2942;3269;6211
03/08/2018;231;242;473;111;146;257;21;29;50;9;21;30;12;27;39;5;6;11;0;0;0;8;9;17;2437;2706;5143;493;649;1142;87;133;220;3414;3968;7382
04/08/2018;173;220;393;83;90;173;11;15;26;5;24;29;6;23;29;4;4;8;0;0;0;13;3;16;2247;3087;5334;509;782;1291;75;106;181;3126;4354;7480
05/08/2018;169;146;315;69;41;110;5;7;12;3;9;12;8;14;22;3;0;3;0;0;0;9;3;12;3194;2633;5827;625;549;1174;102;69;171;4187;3471;7658
06/08/2018;167;289;456;77;165;242;13;28;41;8;14;22;19;25;44;3;14;17;0;0;0;5;2;7;2174;2295;4469;580;498;1078;78;131;209;3124;3461;6585
07/08/2018;169;250;419;89;159;248;20;30;50;18;26;44;22;43;65;9;11;20;0;0;0;11;1;12;1876;2047;3923;446;518;964;52;130;182;2712;3215;5927
08/08/2018;202;268;470;126;153;279;25;27;52;10;25;35;12;45;57;3;12;15;1;0;1;13;3;16;2050;2006;4056;471;502;973;83;125;208;2996;3166;6162
09/08/2018;197;314;511;87;153;240;16;31;47;3;16;19;12;36;48;8;14;22;1;0;1;15;7;22;2058;2078;4136;449;461;910;99;138;237;2945;3248;6193
10/08/2018;241;271;512;115;132;247;13;32;45;7;21;28;16;45;61;3;6;9;0;1;1;5;0;5;2389;3160;5549;480;702;1182;102;160;262;3371;4530;7901
11/08/2018;175;189;364;85;109;194;12;22;34;14;17;31;7;37;44;6;12;18;2;0;2;12;8;20;2105;3787;5892;476;906;1382;88;118;206;2982;5205;8187
12/08/2018;177;115;292;73;40;113;14;13;27;5;11;16;5;13;18;3;4;7;0;0;0;11;0;11;3099;3012;6111;611;654;1265;134;60;194;4132;3922;8054
13/08/2018;193;293;486;76;174;250;11;38;49;10;13;23;16;28;44;8;11;19;0;0;0;13;3;16;2554;2212;4766;682;486;1168;89;126;215;3652;3384;7036
14/08/2018;196;280;476;102;166;268;15;34;49;10;29;39;16;40;56;4;9;13;0;0;0;2;5;7;1839;2141;3980;467;530;997;89;130;219;2740;3364;6104
15/08/2018;165;220;385;98;136;234;14;20;34;20;22;42;19;19;38;9;11;20;1;1;2;15;4;19;2238;2050;4288;490;498;988;63;104;167;3132;3085;6217
16/08/2018;214;295;509;103;162;265;21;29;50;12;18;30;16;37;53;6;9;15;1;0;1;17;2;19;2230;1934;4164;463;465;928;102;127;229;3185;3078;6263
17/08/2018;227;264;491;110;141;251;15;36;51;12;25;37;18;35;53;4;14;18;0;0;0;10;4;14;2384;2834;5218;460;645;1105;98;141;239;3338;4139;7477
18/08/2018;170;197;367;78;96;174;15;27;42;7;25;32;10;25;35;7;10;17;0;0;0;9;4;13;2120;3021;5141;496;760;1256;63;108;171;2975;4273;7248
19/08/2018;165;126;291;65;43;108;10;10;20;8;9;17;4;10;14;5;6;11;0;0;0;5;2;7;3173;2479;5652;642;614;1256;96;73;169;4173;3372;7545
20/08/2018;174;315;489;79;166;245;15;42;57;6;10;16;9;29;38;3;6;9;1;0;1;8;4;12;2151;2133;4284;600;519;1119;98;135;233;3144;3359;6503
21/08/2018;195;265;460;102;142;244;24;31;55;20;20;40;8;28;36;4;6;10;0;0;0;14;5;19;1902;1970;3872;443;459;902;86;109;195;2798;3035;5833
22/08/2018;207;271;478;104;171;275;27;22;49;10;18;28;13;48;61;3;9;12;0;0;0;14;7;21;1893;1943;3836;417;469;886;90;117;207;2778;3075;5853
23/08/2018;197;288;485;93;151;244;19;31;50;6;23;29;16;45;61;6;13;19;0;0;0;10;6;16;1947;1907;3854;450;453;903;88;132;220;2832;3049;5881
24/08/2018;244;265;509;95;144;239;19;31;50;15;19;34;6;37;43;3;8;11;0;0;0;11;4;15;2263;2651;4914;447;660;1107;102;139;241;3205;3958;7163
25/08/2018;167;188;355;89;92;181;17;18;35;10;14;24;6;29;35;6;11;17;1;0;1;8;2;10;2124;3083;5207;500;821;1321;65;95;160;2993;4353;7346
26/08/2018;139;134;273;53;38;91;7;5;12;5;5;10;8;20;28;3;6;9;1;0;1;11;0;11;2853;2444;5297;577;564;1141;98;89;187;3755;3305;7060
27/08/2018;173;304;477;75;169;244;15;39;54;6;16;22;12;26;38;3;10;13;0;0;0;7;3;10;2282;2089;4371;593;478;1071;85;128;213;3251;3262;6513
28/08/2018;196;298;494;94;152;246;17;39;56;7;27;34;15;38;53;2;19;21;0;0;0;11;9;20;1879;1897;3776;421;457;878;68;111;179;2710;3047;5757
29/08/2018;203;299;502;105;163;268;27;30;57;9;30;39;15;35;50;4;9;13;1;0;1;12;0;12;2037;1873;3910;446;460;906;123;122;245;2982;3021;6003
30/08/2018;215;336;551;105;177;282;14;46;60;12;20;32;14;37;51;2;7;9;0;0;0;10;7;17;2061;1951;4012;420;459;879;100;139;239;2953;3179;6132
31/08/2018;225;285;510;122;160;282;21;33;54;11;31;42;13;47;60;3;10;13;0;0;0;13;6;19;2392;2574;4966;468;625;1093;103;127;230;3371;3898;7269
01/09/2018;163;193;356;80;85;165;18;17;35;3;22;25;14;33;47;7;6;13;0;0;0;8;8;16;2148;2925;5073;515;794;1309;67;116;183;3023;4199;7222
02/09/2018;152;140;292;60;58;118;6;8;14;6;11;17;11;10;21;7;4;11;0;0;0;20;1;21;2993;2392;5385;637;563;1200;95;64;159;3987;3251;7238
03/09/2018;171;324;495;91;177;268;10;38;48;5;14;19;11;18;29;15;8;23;1;0;1;15;4;19;2185;2131;4316;703;510;1213;94;140;234;3301;3364;6665
04/09/2018;182;308;490;98;150;248;13;38;51;16;20;36;12;50;62;8;3;11;0;0;0;15;5;20;1887;2046;3933;448;491;939;90;111;201;2769;3222;5991
05/09/2018;198;299;497;121;163;284;16;48;64;13;25;38;14;37;51;5;14;19;0;0;0;14;7;21;2166;2205;4371;458;483;941;105;114;219;3110;3395;6505
06/09/2018;256;340;596;122;178;300;18;42;60;13;15;28;12;28;40;8;5;13;0;0;0;15;7;22;2658;3604;6262;533;741;1274;98;198;296;3733;5158;8891
07/09/2018;201;205;406;89;63;152;11;7;18;7;5;12;5;20;25;7;7;14;0;0;0;9;6;15;2284;3693;5977;451;769;1220;80;105;185;3144;4880;8024
08/09/2018;149;164;313;71;89;160;12;27;39;5;14;19;8;23;31;4;15;19;0;0;0;8;1;9;2200;2710;4910;529;711;1240;78;93;171;3064;3847;6911
09/09/2018;213;201;414;94;50;144;5;12;17;1;6;7;5;18;23;4;4;8;0;0;0;5;0;5;3627;2583;6210;704;595;1299;122;74;196;4780;3543;8323
10/09/2018;198;337;535;87;161;248;18;27;45;6;14;20;8;38;46;2;8;10;0;0;0;14;2;16;2585;2314;4899;718;544;1262;87;112;199;3723;3557;7280
11/09/2018;193;293;486;82;158;240;25;42;67;7;24;31;16;34;50;3;9;12;0;0;0;9;2;11;1983;2149;4132;474;474;948;79;122;201;2871;3307;6178
12/09/2018;207;295;502;111;162;273;25;33;58;7;16;23;12;40;52;3;8;11;0;0;0;14;2;16;2060;2114;4174;428;466;894;89;127;216;2956;3263;6219
13/09/2018;199;328;527;103;189;292;21;31;52;8;31;39;10;36;46;4;9;13;0;1;1;17;11;28;2215;2108;4323;451;435;886;95;141;236;3123;3320;6443
14/09/2018;248;299;547;109;162;271;18;39;57;5;29;34;13;57;70;8;15;23;0;0;0;14;1;15;2459;2910;5369;434;683;1117;86;139;225;3394;4334;7728
15/09/2018;173;218;391;99;92;191;11;23;34;9;21;30;8;21;29;6;16;22;0;0;0;13;1;14;2288;3157;5445;522;812;1334;80;114;194;3209;4475;7684
16/09/2018;162;163;325;65;34;99;4;7;11;1;5;6;4;14;18;2;3;5;0;0;0;2;1;3;2649;2864;5513;658;770;1428;98;82;180;3645;3943;7588
17/09/2018;166;297;463;81;173;254;10;39;49;11;12;23;12;25;37;4;7;11;0;1;1;12;2;14;2442;2259;4701;691;511;1202;81;122;203;3510;3448;6958
18/09/2018;193;289;482;93;135;228;27;35;62;11;31;42;17;38;55;7;10;17;2;0;2;10;3;13;1984;2088;4072;457;443;900;51;113;164;2852;3185;6037
19/09/2018;217;289;506;111;168;279;15;29;44;11;24;35;13;31;44;4;5;9;0;0;0;11;5;16;2042;2020;4062;472;482;954;93;131;224;2989;3184;6173
20/09/2018;216;328;544;110;171;281;18;29;47;6;24;30;14;31;45;8;10;18;0;0;0;15;6;21;2085;1980;4065;466;450;916;97;132;229;3035;3161;6196
21/09/2018;233;302;535;126;175;301;13;43;56;10;18;28;10;40;50;3;12;15;1;0;1;8;8;16;2394;2796;5190;474;653;1127;100;167;267;3372;4214;7586
22/09/2018;159;200;359;92;99;191;16;23;39;9;16;25;6;17;23;4;14;18;0;0;0;10;6;16;2124;3319;5443;558;816;1374;90;121;211;3068;4631;7699
23/09/2018;169;163;332;81;45;126;11;18;29;2;10;12;9;18;27;2;3;5;0;0;0;6;5;11;2990;2727;5717;569;619;1188;92;70;162;3931;3678;7609
24/09/2018;226;325;551;118;197;315;13;43;56;6;21;27;15;36;51;6;14;20;0;0;0;10;2;12;2647;2207;4854;634;513;1147;125;131;256;3800;3489;7289
25/09/2018;189;278;467;101;175;276;20;34;54;10;19;29;12;36;48;7;8;15;0;0;0;13;6;19;2017;2101;4118;482;489;971;79;103;182;2930;3249;6179
26/09/2018;215;316;531;96;148;244;19;36;55;7;17;24;16;38;54;7;8;15;0;0;0;10;5;15;2041;2162;4203;439;452;891;80;140;220;2930;3322;6252
27/09/2018;211;325;536;110;147;257;24;36;60;7;28;35;10;45;55;8;14;22;1;0;1;11;5;16;2156;2140;4296;468;482;950;103;157;260;3109;3379;6488
28/09/2018;237;311;548;126;144;270;9;40;49;10;28;38;11;37;48;7;6;13;0;0;0;7;3;10;2472;3024;5496;498;687;1185;111;156;267;3488;4436;7924
29/09/2018;173;222;395;94;114;208;17;31;48;13;15;28;15;26;41;0;8;8;0;0;0;10;3;13;2342;3846;6188;540;921;1461;80;113;193;3284;5299;8583
30/09/2018;200;224;424;86;66;152;9;8;17;3;9;12;1;18;19;4;3;7;0;0;0;11;5;16;3379;3077;6456;657;621;1278;121;103;224;4471;4134;8605
01/10/2018;192;343;535;92;194;286;6;50;56;6;17;23;12;18;30;2;10;12;0;0;0;11;3;14;2507;2369;4876;698;542;1240;101;148;249;3627;3694;7321
02/10/2018;209;332;541;153;316;469;14;47;61;13;22;35;16;43;59;3;19;22;1;0;1;7;3;10;2104;2369;4473;528;478;1006;87;168;255;3135;3797;6932
03/10/2018;280;433;713;157;237;394;27;47;74;12;18;30;9;36;45;3;8;11;0;0;0;9;3;12;2334;2821;5155;487;573;1060;117;157;274;3435;4333;7768
04/10/2018;287;351;638;133;223;356;10;34;44;10;18;28;10;28;38;6;13;19;0;0;0;9;5;14;2881;2444;5325;508;492;1000;125;154;279;3979;3762;7741
05/10/2018;268;334;602;105;160;265;17;30;47;11;27;38;9;23;32;4;3;7;0;0;0;6;2;8;2523;3692;6215;514;781;1295;102;164;266;3559;5216;8775
06/10/2018;191;201;392;88;103;191;14;26;40;9;19;28;5;20;25;6;5;11;0;0;0;4;1;5;2281;4201;6482;499;1100;1599;64;123;187;3161;5799;8960
07/10/2018;194;96;290;84;34;118;3;2;5;2;2;4;6;10;16;3;4;7;0;0;0;4;1;5;3494;2985;6479;726;795;1521;122;71;193;4638;4000;8638
08/10/2018;219;353;572;78;143;221;9;36;45;7;17;24;9;23;32;7;10;17;0;0;0;7;5;12;3425;2074;5499;835;517;1352;119;141;260;4715;3319;8034
09/10/2018;185;317;502;111;166;277;23;34;57;12;23;35;5;27;32;3;7;10;0;0;0;9;3;12;2145;2006;4151;526;491;1017;87;134;221;3106;3208;6314
10/10/2018;223;309;532;115;176;291;22;48;70;7;19;26;10;31;41;2;9;11;0;0;0;4;4;8;2250;2053;4303;494;510;1004;77;129;206;3204;3288;6492
11/10/2018;237;388;625;124;178;302;30;31;61;8;17;25;8;39;47;4;12;16;1;0;1;8;0;8;2632;2997;5629;476;642;1118;88;170;258;3616;4474;8090
12/10/2018;193;212;405;105;81;186;7;15;22;8;9;17;4;16;20;1;7;8;0;0;0;7;3;10;2484;4241;6725;493;781;1274;86;122;208;3388;5487;8875
13/10/2018;175;168;343;78;91;169;12;19;31;6;11;17;9;16;25;1;5;6;0;0;0;6;1;7;2197;2711;4908;512;716;1228;68;83;151;3064;3821;6885
14/10/2018;208;198;406;87;56;143;8;6;14;2;7;9;4;14;18;2;3;5;1;0;1;5;1;6;3490;2754;6244;659;531;1190;115;84;199;4581;3654;8235
15/10/2018;183;293;476;88;181;269;16;40;56;6;17;23;10;33;43;3;14;17;0;0;0;6;3;9;2894;2476;5370;673;481;1154;102;137;239;3981;3675;7656
16/10/2018;224;309;533;102;168;270;18;46;64;8;20;28;14;45;59;5;11;16;0;1;1;14;4;18;1869;2054;3923;523;505;1028;78;129;207;2855;3292;6147
17/10/2018;219;302;521;104;157;261;12;36;48;11;15;26;12;30;42;5;17;22;0;0;0;9;7;16;1921;1910;3831;480;536;1016;90;125;215;2863;3135;5998
18/10/2018;198;328;526;110;182;292;15;30;45;14;25;39;7;35;42;7;8;15;0;0;0;7;5;12;2055;2016;4071;443;483;926;102;152;254;2958;3264;6222
19/10/2018;239;289;528;148;160;308;11;48;59;4;22;26;12;25;37;1;12;13;0;0;0;2;1;3;2421;2455;4876;492;670;1162;107;141;248;3437;3823;7260
20/10/2018;312;367;679;174;182;356;17;28;45;9;13;22;8;28;36;2;5;7;0;0;0;17;5;22;4400;4852;9252;1036;1157;2193;168;172;340;6143;6809;12952
21/10/2018;166;218;384;82;79;161;7;10;17;3;7;10;5;23;28;1;2;3;0;0;0;11;2;13;2736;2464;5200;574;615;1189;85;92;177;3670;3512;7182
22/10/2018;175;337;512;86;180;266;22;48;70;8;8;16;16;19;35;7;8;15;0;0;0;13;7;20;2128;2150;4278;637;490;1127;93;127;220;3185;3374;6559
23/10/2018;178;300;478;99;164;263;20;38;58;5;27;32;21;35;56;3;6;9;0;0;0;11;5;16;1901;1854;3755;435;461;896;80;120;200;2753;3010;5763
24/10/2018;208;263;471;107;139;246;18;41;59;10;16;26;11;28;39;4;10;14;0;0;0;10;6;16;1958;1930;3888;451;467;918;73;113;186;2850;3013;5863
25/10/2018;207;334;541;106;188;294;16;27;43;10;31;41;13;33;46;4;16;20;1;0;1;13;6;19;1973;2021;3994;447;470;917;81;135;216;2871;3261;6132
26/10/2018;244;288;532;125;193;318;17;33;50;6;15;21;14;34;48;4;7;11;0;0;0;6;1;7;2279;2708;4987;467;696;1163;81;151;232;3243;4126;7369
27/10/2018;150;204;354;101;108;209;16;23;39;9;13;22;7;19;26;0;14;14;0;0;0;9;1;10;1951;3406;5357;494;952;1446;76;119;195;2813;4859;7672
28/10/2018;140;94;234;50;46;96;10;9;19;5;5;10;10;10;20;4;5;9;0;0;0;9;4;13;3326;2515;5841;727;714;1441;95;57;152;4376;3459;7835
29/10/2018;169;311;480;87;177;264;12;41;53;5;14;19;9;39;48;2;11;13;1;1;2;12;2;14;2604;1829;4433;657;481;1138;94;149;243;3652;3055;6707
30/10/2018;180;257;437;107;170;277;15;36;51;10;14;24;12;37;49;3;5;8;0;0;0;11;6;17;2021;1967;3988;444;472;916;92;104;196;2895;3068;5963
31/10/2018;221;269;490;120;143;263;23;39;62;12;20;32;21;37;58;8;5;13;2;0;2;12;8;20;2092;2020;4112;446;483;929;87;145;232;3044;3169;6213
01/11/2018;238;352;590;105;153;258;17;45;62;4;31;35;7;38;45;4;8;12;0;0;0;10;1;11;2382;3462;5844;510;777;1287;84;163;247;3361;5030;8391
02/11/2018;172;161;333;80;58;138;8;9;17;8;6;14;9;20;29;1;4;5;0;0;0;6;2;8;3152;3672;6824;650;714;1364;85;78;163;4171;4724;8895
03/11/2018;141;152;293;82;79;161;5;26;31;3;16;19;1;15;16;3;6;9;1;0;1;6;2;8;2458;2420;4878;562;688;1250;79;102;181;3341;3506;6847
04/11/2018;210;168;378;84;51;135;14;5;19;5;6;11;6;15;21;1;2;3;0;0;0;1;3;4;3815;2429;6244;720;573;1293;140;73;213;4996;3325;8321
05/11/2018;211;324;535;105;169;274;9;43;52;7;18;25;19;18;37;4;9;13;1;0;1;10;1;11;2445;2178;4623;707;524;1231;103;130;233;3621;3414;7035
06/11/2018;203;304;507;100;162;262;14;45;59;8;21;29;15;23;38;6;15;21;1;0;1;12;2;14;1918;1948;3866;451;465;916;61;123;184;2789;3108;5897
07/11/2018;203;319;522;113;173;286;16;26;42;10;11;21;9;21;30;4;11;15;0;0;0;12;5;17;2007;2018;4025;477;508;985;77;116;193;2928;3208;6136
08/11/2018;231;327;558;116;181;297;16;33;49;9;21;30;12;26;38;3;12;15;0;1;1;10;4;14;2109;1969;4078;474;496;970;92;134;226;3072;3204;6276
09/11/2018;247;288;535;124;158;282;15;36;51;12;19;31;12;34;46;6;8;14;0;0;0;16;6;22;2356;2436;4792;528;638;1166;99;149;248;3415;3772;7187
10/11/2018;158;214;372;80;112;192;13;31;44;11;20;31;3;37;40;4;15;19;0;1;1;7;4;11;2066;2825;4891;574;818;1392;87;108;195;3003;4185;7188
11/11/2018;153;198;351;66;55;121;10;7;17;4;6;10;11;12;23;4;3;7;0;0;0;9;3;12;2839;2305;5144;624;599;1223;97;63;160;3817;3251;7068
12/11/2018;199;379;578;91;189;280;18;44;62;6;13;19;19;24;43;4;12;16;0;0;0;18;7;25;2039;2197;4236;551;524;1075;106;125;231;3051;3514;6565
13/11/2018;191;293;484;111;176;287;16;44;60;13;26;39;15;28;43;6;8;14;0;0;0;6;6;12;1943;1996;3939;443;459;902;74;134;208;2818;3170;5988
14/11/2018;273;325;598;132;177;309;24;41;65;6;23;29;12;26;38;8;13;21;0;0;0;8;7;15;2434;2386;4820;485;540;1025;79;131;210;3461;3669;7130
15/11/2018;184;255;439;109;120;229;14;21;35;7;12;19;16;18;34;1;11;12;0;0;0;3;5;8;2355;2696;5051;411;556;967;76;82;158;3176;3776;6952
16/11/2018;199;271;470;106;160;266;17;35;52;8;10;18;12;27;39;2;9;11;1;0;1;17;8;25;2214;2530;4744;496;611;1107;79;137;216;3151;3798;6949
17/11/2018;158;178;336;97;134;231;7;25;32;6;15;21;5;32;37;1;15;16;1;0;1;7;4;11;2158;2772;4930;524;796;1320;65;115;180;3029;4086;7115
18/11/2018;195;208;403;72;52;124;11;7;18;3;3;6;10;16;26;2;8;10;1;0;1;12;4;16;3531;2814;6345;702;594;1296;119;107;226;4658;3813;8471
19/11/2018;194;349;543;91;192;283;9;45;54;7;23;30;23;23;46;5;7;12;0;0;0;9;4;13;2284;2148;4432;635;534;1169;70;145;215;3327;3470;6797
20/11/2018;183;324;507;85;155;240;17;33;50;8;14;22;15;39;54;1;13;14;0;0;0;2;7;9;1916;1960;3876;484;514;998;82;123;205;2793;3182;5975
21/11/2018;214;285;499;109;177;286;11;28;39;11;17;28;16;29;45;2;4;6;0;0;0;5;3;8;2096;1938;4034;472;500;972;86;130;216;3022;3111;6133
22/11/2018;197;360;557;89;188;277;17;40;57;9;25;34;13;31;44;4;13;17;0;0;0;11;7;18;2152;1958;4110;445;476;921;98;138;236;3035;3236;6271
23/11/2018;251;329;580;123;159;282;10;34;44;10;21;31;14;39;53;6;12;18;0;1;1;12;8;20;2439;2562;5001;487;651;1138;84;148;232;3436;3964;7400
24/11/2018;173;237;410;82;106;188;11;34;45;5;21;26;7;24;31;4;10;14;0;0;0;10;2;12;2067;2944;5011;496;781;1277;73;117;190;2928;4276;7204
25/11/2018;174;207;381;74;50;124;7;9;16;4;3;7;17;10;27;6;2;8;1;0;1;12;3;15;3254;2707;5961;662;658;1320;111;86;197;4322;3735;8057
26/11/2018;201;323;524;90;189;279;17;33;50;10;15;25;21;28;49;7;17;24;0;0;0;10;4;14;2206;2138;4344;695;472;1167;69;124;193;3326;3343;6669
27/11/2018;206;294;500;106;184;290;22;44;66;7;14;21;7;45;52;9;6;15;0;0;0;10;8;18;1897;1932;3829;432;436;868;95;125;220;2791;3088;5879
28/11/2018;224;309;533;113;182;295;17;20;37;7;14;21;11;41;52;6;14;20;0;0;0;9;6;15;2017;2035;4052;455;509;964;104;126;230;2963;3256;6219
29/11/2018;200;330;530;97;156;253;15;33;48;10;20;30;16;36;52;13;3;16;0;0;0;22;3;25;2136;2037;4173;445;443;888;91;151;242;3045;3212;6257
30/11/2018;242;285;527;132;149;281;10;32;42;17;22;39;11;26;37;4;6;10;0;0;0;10;1;11;2343;2622;4965;473;568;1041;89;181;270;3331;3892;7223
01/12/2018;186;196;382;89;100;189;19;22;41;5;21;26;2;22;24;3;7;10;0;0;0;8;8;16;2167;3099;5266;539;824;1363;82;111;193;3100;4410;7510
02/12/2018;203;182;385;79;44;123;9;5;14;1;6;7;12;14;26;0;5;5;1;0;1;12;2;14;3228;2610;5838;646;613;1259;99;82;181;4290;3563;7853
03/12/2018;184;335;519;82;163;245;13;44;57;7;10;17;18;25;43;4;8;12;0;0;0;21;1;22;2236;2211;4447;662;490;1152;73;117;190;3300;3404;6704
04/12/2018;211;304;515;109;178;287;13;31;44;17;15;32;11;38;49;11;11;22;0;0;0;17;6;23;1859;1971;3830;459;464;923;73;107;180;2780;3125;5905
05/12/2018;243;295;538;132;177;309;20;34;54;7;17;24;17;41;58;1;5;6;0;0;0;7;5;12;2079;2090;4169;472;475;947;97;127;224;3075;3266;6341
06/12/2018;244;348;592;110;167;277;10;34;44;11;8;19;25;28;53;4;9;13;0;0;0;19;3;22;2166;2163;4329;463;499;962;73;143;216;3125;3402;6527
07/12/2018;267;336;603;131;155;286;15;30;45;10;12;22;10;42;52;3;7;10;0;0;0;9;1;10;2394;2790;5184;521;745;1266;111;154;265;3471;4272;7743
08/12/2018;244;255;499;109;119;228;9;22;31;9;14;23;9;21;30;2;10;12;0;0;0;5;5;10;2389;3385;5774;522;872;1394;90;128;218;3388;4831;8219
09/12/2018;197;246;443;88;62;150;7;8;15;7;2;9;8;10;18;2;4;6;0;0;0;6;1;7;3166;3003;6169;636;623;1259;109;100;209;4226;4059;8285
10/12/2018;219;352;571;94;172;266;14;34;48;11;15;26;16;17;33;5;10;15;0;0;0;8;2;10;2329;2281;4610;608;474;1082;75;133;208;3379;3490;6869
11/12/2018;181;272;453;104;177;281;14;34;48;9;19;28;14;33;47;3;10;13;1;0;1;13;7;20;1931;2094;4025;441;447;888;87;117;204;2798;3210;6008
12/12/2018;242;288;530;132;163;295;19;30;49;15;27;42;8;35;43;8;14;22;0;0;0;19;3;22;2090;2104;4194;481;494;975;87;134;221;3101;3292;6393
13/12/2018;258;371;629;127;201;328;14;44;58;9;19;28;9;50;59;9;14;23;0;0;0;15;7;22;2219;2153;4372;505;520;1025;92;132;224;3257;3511;6768
14/12/2018;312;332;644;144;150;294;24;42;66;11;24;35;12;37;49;8;12;20;0;0;0;14;5;19;2566;2822;5388;465;568;1033;99;142;241;3655;4134;7789
15/12/2018;210;243;453;107;101;208;9;23;32;4;9;13;9;24;33;5;6;11;0;0;0;10;1;11;2413;3216;5629;512;774;1286;89;131;220;3368;4528;7896
16/12/2018;199;230;429;84;70;154;10;16;26;2;4;6;7;14;21;4;9;13;0;0;0;7;3;10;3147;2948;6095;648;625;1273;104;98;202;4212;4017;8229
17/12/2018;232;347;579;122;145;267;17;40;57;7;7;14;16;18;34;4;9;13;0;0;0;24;2;26;2247;2324;4571;541;417;958;84;174;258;3294;3483;6777
18/12/2018;256;315;571;110;156;266;15;53;68;13;22;35;17;30;47;11;15;26;0;0;0;24;4;28;2050;2184;4234;459;463;922;86;137;223;3041;3379;6420
19/12/2018;289;328;617;126;148;274;15;35;50;14;20;34;14;36;50;4;16;20;0;0;0;22;6;28;2338;2428;4766;440;506;946;103;118;221;3365;3641;7006
20/12/2018;279;361;640;138;188;326;17;56;73;9;19;28;18;47;65;6;8;14;0;1;1;19;14;33;2459;2581;5040;483;493;976;104;131;235;3532;3899;7431
21/12/2018;292;342;634;141;165;306;15;29;44;12;17;29;16;26;42;7;7;14;1;0;1;15;10;25;2653;3400;6053;511;688;1199;109;160;269;3772;4844;8616
22/12/2018;255;301;556;127;135;262;9;25;34;6;11;17;4;16;20;4;5;9;0;0;0;11;1;12;2820;5064;7884;568;935;1503;97;168;265;3901;6661;10562
23/12/2018;219;172;391;113;81;194;10;6;16;2;6;8;16;13;29;5;5;10;0;0;0;15;4;19;3248;3972;7220;476;547;1023;66;95;161;4170;4901;9071
24/12/2018;175;338;513;74;92;166;10;17;27;6;5;11;7;12;19;4;6;10;0;0;0;8;12;20;2449;3594;6043;572;828;1400;74;135;209;3379;5039;8418
25/12/2018;264;148;412;74;31;105;7;4;11;3;4;7;1;11;12;0;3;3;0;0;0;7;12;19;3349;2608;5957;632;502;1134;108;61;169;4445;3384;7829
26/12/2018;325;343;668;149;190;339;13;33;46;6;12;18;13;25;38;5;8;13;1;0;1;6;12;18;3481;2616;6097;721;492;1213;148;134;282;4868;3865;8733
27/12/2018;284;366;650;112;175;287;11;33;44;9;17;26;6;28;34;5;7;12;0;0;0;14;7;21;2720;2602;5322;510;495;1005;108;132;240;3779;3862;7641
28/12/2018;281;317;598;142;146;288;11;37;48;5;20;25;6;30;36;4;7;11;0;1;1;14;16;30;3036;3531;6567;548;670;1218;116;147;263;4163;4922;9085
29/12/2018;282;238;520;145;121;266;14;24;38;9;10;19;3;25;28;4;4;8;0;0;0;18;12;30;3064;5012;8076;579;971;1550;116;131;247;4234;6548;10782
30/12/2018;191;143;334;93;35;128;11;8;19;4;4;8;4;11;15;2;2;4;0;0;0;5;10;15;3152;3938;7090;658;902;1560;83;72;155;4203;5125;9328
31/12/2018;119;153;272;43;48;91;9;14;23;5;2;7;2;10;12;3;5;8;0;0;0;7;6;13;2402;3291;5693;557;823;1380;71;84;155;3218;4436;7654
01/09/2021;455;329;784;215;239;454;49;55;104;19;25;44;34;31;65;14;13;27;4;5;9;22;2;24;1824;2000;3824;8;12;20;9;14;23;2653;2725;5378
02/09/2021;425;337;762;214;216;430;53;42;95;19;28;47;33;35;68;11;6;17;3;5;8;39;8;47;1992;2100;4092;7;14;21;22;19;41;2818;2810;5628
03/09/2021;534;343;877;204;190;394;66;63;129;33;28;61;22;36;58;7;9;16;3;6;9;28;6;34;2636;3357;5993;6;19;25;14;21;35;3553;4078;7631
04/09/2021;373;209;582;118;121;239;46;33;79;32;22;54;22;29;51;7;2;9;5;0;5;35;4;39;2360;4399;6759;7;22;29;11;26;37;3016;4867;7883
05/09/2021;241;117;358;60;36;96;28;12;40;18;12;30;31;20;51;6;3;9;1;2;3;45;5;50;3388;2833;6221;17;28;45;18;14;32;3853;3082;6935
06/09/2021;385;358;743;114;192;306;38;52;90;18;21;39;37;16;53;8;6;14;5;4;9;25;4;29;2648;2573;5221;9;18;27;20;21;41;3307;3265;6572
07/09/2021;272;130;402;78;60;138;21;21;42;16;10;26;17;20;37;10;3;13;0;1;1;27;2;29;3049;2212;5261;12;16;28;8;6;14;3510;2481;5991
08/09/2021;430;355;785;219;211;430;37;42;79;22;27;49;19;23;42;12;6;18;5;3;8;25;8;33;2380;2174;4554;6;13;19;16;15;31;3171;2877;6048
09/09/2021;446;395;841;211;233;444;40;38;78;18;33;51;17;40;57;7;8;15;3;2;5;12;5;17;1995;2068;4063;7;6;13;15;19;34;2771;2847;5618
10/09/2021;412;323;735;203;212;415;42;40;82;18;25;43;13;39;52;9;16;25;2;3;5;21;5;26;2257;2812;5069;9;34;43;18;29;47;3004;3538;6542
11/09/2021;213;172;385;94;68;162;14;15;29;14;11;25;12;13;25;5;2;7;0;0;0;16;1;17;2110;3252;5362;23;74;97;33;37;70;2534;3645;6179
12/09/2021;147;96;243;58;35;93;18;7;25;7;1;8;12;1;13;6;2;8;1;0;1;22;4;26;3699;2411;6110;63;63;126;35;26;61;4068;2646;6714
13/09/2021;277;327;604;165;191;356;28;19;47;11;16;27;18;15;33;6;10;16;0;1;1;24;6;30;2264;2109;4373;35;37;72;48;54;102;2876;2785;5661
14/09/2021;256;267;523;196;206;402;21;22;43;30;13;43;24;10;34;1;6;7;0;1;1;15;3;18;1864;1973;3837;17;33;50;42;28;70;2466;2562;5028
15/09/2021;326;277;603;241;203;444;28;20;48;25;15;40;27;24;51;5;15;20;1;0;1;22;6;28;1875;1885;3760;16;33;49;35;56;91;2601;2534;5135
16/09/2021;304;321;625;226;221;447;26;31;57;16;9;25;23;22;45;9;5;14;0;1;1;21;0;21;1903;1918;3821;15;40;55;31;33;64;2574;2601;5175
17/09/2021;335;314;649;293;245;538;31;30;61;22;17;39;11;30;41;6;7;13;0;1;1;14;3;17;2285;3017;5302;15;49;64;40;42;82;3052;3755;6807
18/09/2021;192;175;367;143;130;273;34;22;56;18;9;27;15;19;34;1;7;8;0;0;0;11;3;14;2031;3169;5200;17;90;107;33;41;74;2495;3665;6160
19/09/2021;165;110;275;49;34;83;19;4;23;11;3;14;16;8;24;4;8;12;0;0;0;23;4;27;3841;2541;6382;77;81;158;46;23;69;4251;2816;7067
20/09/2021;262;326;588;231;248;479;27;33;60;20;12;32;19;17;36;11;4;15;0;0;0;25;1;26;2287;2085;4372;34;25;59;30;32;62;2946;2783;5729
21/09/2021;294;333;627;267;234;501;26;30;56;22;16;38;18;18;36;5;10;15;0;0;0;22;1;23;1748;1992;3740;15;36;51;35;38;73;2452;2708;5160
22/09/2021;367;313;680;198;186;384;27;30;57;14;9;23;19;22;41;12;5;17;0;1;1;25;2;27;1835;1896;3731;13;32;45;39;31;70;2549;2527;5076
23/09/2021;314;299;613;212;225;437;23;31;54;23;12;35;19;20;39;7;10;17;1;1;2;15;6;21;2059;2038;4097;12;33;45;42;43;85;2727;2718;5445
24/09/2021;287;246;533;205;162;367;41;30;71;15;17;32;13;17;30;11;4;15;1;1;2;19;3;22;2124;2855;4979;44;94;138;36;42;78;2796;3471;6267
25/09/2021;228;188;416;99;85;184;28;13;41;13;7;20;8;16;24;6;5;11;0;0;0;15;1;16;2221;3515;5736;317;512;829;28;44;72;2963;4386;7349
26/09/2021;192;121;313;61;27;88;24;7;31;9;5;14;16;12;28;4;2;6;0;0;0;19;2;21;3939;2763;6702;519;313;832;46;32;78;4829;3284;8113
27/09/2021;230;275;505;188;215;403;18;21;39;19;15;34;28;13;41;12;8;20;0;1;1;36;3;39;2646;2189;4835;531;269;800;33;34;67;3741;3043;6784
28/09/2021;284;283;567;213;212;425;36;18;54;17;18;35;25;24;49;13;8;21;0;0;0;13;1;14;1912;1915;3827;322;253;575;32;36;68;2867;2768;5635
29/09/2021;325;294;619;221;187;408;30;18;48;19;23;42;26;25;51;9;10;19;0;0;0;15;1;16;1846;1862;3708;330;229;559;37;41;78;2858;2690;5548
30/09/2021;294;351;645;201;211;412;29;22;51;16;16;32;26;28;54;15;6;21;1;2;3;29;4;33;2065;2036;4101;285;243;528;39;35;74;3000;2954;5954
01/10/2021;364;294;658;217;182;399;36;37;73;21;19;40;20;24;44;11;17;28;0;0;0;29;3;32;2322;2856;5178;296;357;653;34;52;86;3350;3841;7191
02/10/2021;178;152;330;105;96;201;21;17;38;19;8;27;6;16;22;6;2;8;3;1;4;18;0;18;1749;2713;4462;241;348;589;23;41;64;2369;3394;5763
03/10/2021;180;139;319;50;29;79;21;9;30;14;7;21;26;5;31;5;6;11;0;0;0;33;0;33;3853;2568;6421;469;336;805;38;27;65;4689;3126;7815
04/10/2021;262;333;595;142;166;308;34;28;62;23;12;35;39;19;58;7;4;11;0;0;0;27;2;29;2475;2298;4773;495;244;739;37;40;77;3541;3146;6687
05/10/2021;261;282;543;214;206;420;28;34;62;25;13;38;28;29;57;10;12;22;2;0;2;17;3;20;1793;2019;3812;286;246;532;28;33;61;2692;2877;5569
06/10/2021;344;314;658;267;209;476;28;30;58;13;18;31;9;24;33;8;7;15;0;0;0;29;3;32;1780;1964;3744;290;253;543;48;43;91;2816;2865;5681
07/10/2021;314;311;625;181;213;394;27;31;58;15;15;30;18;20;38;11;8;19;0;0;0;29;1;30;1962;1945;3907;308;254;562;48;36;84;2913;2834;5747
08/10/2021;384;323;707;186;154;340;36;27;63;22;20;42;26;21;47;6;7;13;1;0;1;29;3;32;2469;3151;5620;305;391;696;43;49;92;3507;4146;7653
09/10/2021;261;198;459;103;86;189;30;35;65;23;11;34;22;32;54;8;10;18;0;0;0;27;1;28;2267;4157;6424;281;521;802;26;57;83;3048;5108;8156
10/10/2021;169;119;288;56;30;86;25;8;33;10;4;14;21;11;32;7;2;9;1;0;1;18;2;20;3272;2585;5857;456;368;824;37;25;62;4072;3154;7226
11/10/2021;267;322;589;267;230;497;34;33;67;20;14;34;19;19;38;8;8;16;0;0;0;22;2;24;2496;2232;4728;448;307;755;35;44;79;3616;3211;6827
12/10/2021;157;140;297;64;71;135;28;23;51;21;10;31;24;8;32;8;9;17;0;0;0;26;1;27;3181;2160;5341;360;295;655;35;31;66;3904;2748;6652
13/10/2021;375;324;699;197;195;392;28;26;54;16;10;26;23;20;43;4;9;13;0;1;1;31;3;34;2169;2049;4218;349;252;601;37;33;70;3229;2922;6151
14/10/2021;296;334;630;193;193;386;32;42;74;20;19;39;26;36;62;11;8;19;1;1;2;27;9;36;1872;1925;3797;274;247;521;36;29;65;2788;2843;5631
15/10/2021;259;214;473;151;95;246;21;27;48;15;20;35;19;21;40;6;8;14;0;0;0;18;1;19;1779;2042;3821;227;263;490;29;34;63;2524;2725;5249
16/10/2021;218;179;397;100;69;169;20;17;37;12;8;20;23;24;47;8;2;10;1;0;1;20;5;25;1905;2885;4790;325;472;797;26;44;70;2658;3705;6363
17/10/2021;159;123;282;65;35;100;14;5;19;9;6;15;12;6;18;4;3;7;0;0;0;32;1;33;3404;2340;5744;423;297;720;47;24;71;4169;2840;7009
18/10/2021;268;300;568;147;172;319;37;27;64;11;8;19;25;15;40;12;7;19;0;1;1;21;1;22;2290;2134;4424;450;239;689;37;35;72;3298;2939;6237
19/10/2021;293;271;564;183;171;354;24;25;49;23;15;38;23;26;49;5;10;15;0;0;0;14;4;18;1768;1928;3696;309;243;552;31;38;69;2673;2731;5404
20/10/2021;338;300;638;217;180;397;35;25;60;21;16;37;15;18;33;4;5;9;1;0;1;31;3;34;1735;1798;3533;271;246;517;31;37;68;2699;2628;5327
21/10/2021;295;301;596;204;184;388;28;29;57;17;12;29;26;24;50;6;5;11;0;2;2;35;4;39;1935;1907;3842;264;234;498;36;40;76;2846;2742;5588
22/10/2021;363;299;662;197;174;371;33;20;53;30;11;41;16;18;34;9;5;14;0;0;0;27;2;29;2348;2657;5005;316;348;664;37;40;77;3376;3574;6950
23/10/2021;232;168;400;106;68;174;27;19;46;20;10;30;14;19;33;4;8;12;0;2;2;17;3;20;2063;2829;4892;305;457;762;29;43;72;2817;3626;6443
24/10/2021;164;136;300;53;50;103;22;8;30;6;5;11;25;10;35;9;1;10;0;0;0;33;3;36;3333;2388;5721;419;276;695;33;23;56;4097;2900;6997
25/10/2021;283;339;622;153;167;320;30;20;50;22;9;31;31;16;47;6;7;13;0;1;1;35;4;39;2129;2297;4426;468;234;702;38;37;75;3195;3131;6326
26/10/2021;292;276;568;205;197;402;27;30;57;24;12;36;25;17;42;7;5;12;1;1;2;15;3;18;1725;1864;3589;306;261;567;30;31;61;2657;2697;5354
27/10/2021;312;235;547;160;117;277;23;25;48;16;15;31;23;17;40;4;9;13;1;0;1;21;2;23;1273;1430;2703;204;185;389;24;21;45;2061;2056;4117
28/10/2021;293;273;566;153;160;313;30;29;59;24;18;42;21;20;41;6;5;11;1;1;2;21;4;25;1884;1826;3710;265;214;479;37;56;93;2735;2606;5341
29/10/2021;398;260;658;140;135;275;29;18;47;23;16;39;15;23;38;6;4;10;0;1;1;34;2;36;2291;3004;5295;300;408;708;29;49;78;3265;3920;7185
30/10/2021;234;196;430;109;86;195;21;18;39;16;14;30;23;25;48;3;5;8;0;1;1;29;4;33;2165;4066;6231;293;518;811;29;48;77;2922;4981;7903
31/10/2021;183;121;304;67;37;104;24;8;32;10;5;15;23;9;32;9;3;12;0;0;0;30;1;31;3002;2614;5616;432;324;756;21;22;43;3801;3144;6945
01/11/2021;251;262;513;129;169;298;31;30;61;11;11;22;23;11;34;1;3;4;1;0;1;15;4;19;2285;2419;4704;426;390;816;33;32;65;3206;3331;6537
02/11/2021;147;114;261;61;52;113;18;9;27;11;11;22;17;15;32;6;8;14;0;1;1;15;1;16;4380;2828;7208;526;400;926;30;26;56;5211;3465;8676
03/11/2021;291;260;551;161;144;305;32;29;61;17;13;30;30;17;47;7;6;13;0;0;0;27;1;28;2352;1907;4259;430;214;644;42;35;77;3389;2626;6015
04/11/2021;344;304;648;146;152;298;23;26;49;12;19;31;16;14;30;5;5;10;0;0;0;14;4;18;1914;1897;3811;281;247;528;27;34;61;2782;2702;5484
05/11/2021;352;315;667;157;111;268;31;31;62;26;15;41;18;18;36;4;7;11;2;1;3;18;3;21;2252;2411;4663;320;338;658;30;37;67;3210;3287;6497
06/11/2021;262;174;436;125;92;217;20;20;40;20;8;28;24;16;40;3;5;8;0;1;1;14;0;14;2030;2613;4643;302;428;730;29;41;70;2829;3398;6227
07/11/2021;175;131;306;69;32;101;17;8;25;7;3;10;19;8;27;3;2;5;0;0;0;19;2;21;3076;2528;5604;440;309;749;31;32;63;3856;3055;6911
08/11/2021;255;269;524;154;157;311;37;24;61;21;10;31;21;17;38;9;6;15;1;0;1;21;2;23;2118;2197;4315;460;299;759;34;34;68;3131;3015;6146
09/11/2021;306;294;600;154;163;317;26;30;56;23;18;41;22;19;41;3;9;12;0;0;0;13;2;15;1698;1831;3529;291;241;532;25;37;62;2561;2644;5205
10/11/2021;359;295;654;191;146;337;33;22;55;18;13;31;22;15;37;8;5;13;0;0;0;18;3;21;1737;1794;3531;285;237;522;33;38;71;2704;2568;5272
11/11/2021;301;274;575;140;135;275;18;33;51;24;14;38;21;18;39;9;8;17;0;1;1;16;1;17;1864;1966;3830;234;230;464;38;28;66;2665;2708;5373
12/11/2021;400;300;700;144;126;270;27;31;58;22;10;32;14;22;36;8;3;11;1;1;2;20;1;21;2444;3170;5614;295;400;695;36;60;96;3411;4124;7535
13/11/2021;277;209;486;103;79;182;24;19;43;13;6;19;14;12;26;6;2;8;0;0;0;11;1;12;2138;4617;6755;280;624;904;35;53;88;2901;5622;8523
14/11/2021;183;147;330;66;30;96;16;6;22;11;4;15;12;6;18;3;4;7;0;0;0;27;0;27;2640;2564;5204;392;381;773;34;29;63;3384;3171;6555
15/11/2021;166;214;380;61;94;155;20;12;32;12;4;16;15;5;20;6;0;6;0;0;0;15;0;15;4972;2310;7282;642;242;884;50;33;83;5959;2914;8873
16/11/2021;292;274;566;188;170;358;32;23;55;14;18;32;36;20;56;5;5;10;0;0;0;21;1;22;2209;2067;4276;482;235;717;34;40;74;3313;2853;6166
17/11/2021;329;283;612;168;132;300;26;25;51;21;17;38;30;30;60;3;5;8;1;1;2;14;2;16;1827;1782;3609;304;235;539;35;30;65;2758;2542;5300
18/11/2021;326;285;611;140;149;289;28;28;56;14;12;26;23;22;45;8;7;15;0;1;1;15;2;17;1832;1847;3679;269;255;524;24;35;59;2679;2643;5322
19/11/2021;365;278;643;161;138;299;38;28;66;20;12;32;20;17;37;4;9;13;0;0;0;12;2;14;2114;2534;4648;299;380;679;39;42;81;3072;3440;6512
20/11/2021;242;173;415;104;77;181;30;22;52;15;10;25;18;15;33;7;9;16;0;0;0;27;1;28;1845;2639;4484;332;462;794;24;44;68;2644;3452;6096
21/11/2021;141;123;264;55;21;76;18;7;25;6;5;11;18;9;27;3;2;5;1;0;1;28;2;30;2853;2109;4962;443;298;741;46;26;72;3612;2602;6214
22/11/2021;279;315;594;127;175;302;20;24;44;16;18;34;17;19;36;7;9;16;0;0;0;26;2;28;2171;2009;4180;491;251;742;38;31;69;3192;2853;6045
23/11/2021;232;226;458;117;125;242;24;15;39;22;12;34;13;16;29;6;10;16;1;1;2;15;2;17;1471;1588;3059;203;212;415;9;29;38;2113;2236;4349
24/11/2021;373;286;659;176;153;329;21;27;48;31;10;41;23;26;49;9;12;21;1;0;1;24;0;24;1825;1873;3698;270;225;495;35;47;82;2788;2659;5447
25/11/2021;325;317;642;165;137;302;29;26;55;20;10;30;29;24;53;8;7;15;2;0;2;25;1;26;1914;1848;3762;277;247;524;25;30;55;2819;2647;5466
26/11/2021;349;294;643;151;123;274;38;17;55;21;11;32;20;14;34;1;11;12;0;1;1;27;2;29;2156;2632;4788;316;350;666;26;42;68;3105;3497;6602
27/11/2021;255;179;434;145;100;245;28;12;40;16;10;26;18;14;32;4;1;5;0;1;1;19;2;21;1835;2816;4651;323;484;807;31;43;74;2674;3662;6336
28/11/2021;176;119;295;56;32;88;24;9;33;15;5;20;15;8;23;1;6;7;0;0;0;19;2;21;3170;2215;5385;453;286;739;32;28;60;3961;2710;6671
29/11/2021;302;340;642;127;179;306;32;25;57;18;7;25;23;14;37;9;1;10;0;2;2;40;3;43;2283;2035;4318;462;254;716;48;32;80;3344;2892;6236
30/11/2021;285;252;537;141;144;285;42;20;62;20;11;31;20;22;42;9;11;20;0;1;1;17;3;20;1821;1893;3714;330;252;582;31;34;65;2716;2643;5359
01/12/2021;345;271;616;182;152;334;23;30;53;25;14;39;15;18;33;7;10;17;0;0;0;22;2;24;1779;1874;3653;297;262;559;34;52;86;2729;2685;5414
02/12/2021;347;305;652;172;175;347;34;21;55;19;22;41;22;19;41;11;7;18;0;0;0;27;5;32;1944;1917;3861;308;283;591;29;39;68;2913;2793;5706
03/12/2021;391;286;677;167;143;310;35;32;67;14;16;30;13;18;31;8;6;14;0;1;1;21;2;23;2317;2733;5050;287;394;681;37;51;88;3290;3682;6972
04/12/2021;255;216;471;102;95;197;25;16;41;18;13;31;11;20;31;9;8;17;1;0;1;28;2;30;2056;3268;5324;303;505;808;31;38;69;2839;4181;7020
05/12/2021;206;158;364;70;33;103;12;11;23;12;7;19;29;2;31;5;1;6;0;0;0;37;1;38;3653;2453;6106;502;326;828;34;34;68;4560;3026;7586
06/12/2021;286;358;644;156;176;332;41;33;74;26;16;42;23;23;46;8;11;19;0;0;0;35;2;37;2304;2157;4461;479;283;762;30;41;71;3388;3100;6488
07/12/2021;272;270;542;135;129;264;32;28;60;17;9;26;28;11;39;10;7;17;1;1;2;22;5;27;1855;1934;3789;305;250;555;27;40;67;2704;2684;5388
08/12/2021;363;320;683;188;159;347;29;29;58;19;11;30;22;19;41;4;14;18;0;0;0;38;5;43;1856;1923;3779;277;230;507;37;36;73;2833;2746;5579
09/12/2021;343;316;659;155;173;328;25;25;50;14;13;27;27;20;47;7;5;12;0;1;1;24;4;28;2049;1935;3984;296;262;558;28;40;68;2968;2794;5762
10/12/2021;416;290;706;164;161;325;36;34;70;21;13;34;24;28;52;5;11;16;0;0;0;27;2;29;2476;2943;5419;316;395;711;28;50;78;3513;3927;7440
11/12/2021;192;168;360;100;67;167;19;14;33;11;9;20;14;9;23;6;2;8;0;0;0;23;1;24;1667;2345;4012;265;420;685;21;29;50;2318;3064;5382
12/12/2021;210;165;375;69;39;108;12;6;18;9;3;12;23;8;31;7;6;13;0;0;0;39;0;39;3427;2488;5915;450;343;793;33;34;67;4279;3092;7371
13/12/2021;296;339;635;155;167;322;29;29;58;15;7;22;24;22;46;3;5;8;1;2;3;53;1;54;2325;2180;4505;461;289;750;39;43;82;3401;3084;6485
14/12/2021;335;310;645;205;203;408;37;33;70;21;14;35;32;31;63;7;14;21;0;0;0;38;2;40;1873;1963;3836;282;253;535;27;45;72;2857;2868;5725
15/12/2021;404;318;722;196;137;333;37;19;56;20;11;31;24;23;47;7;17;24;1;0;1;40;2;42;1976;2046;4022;265;239;504;33;57;90;3003;2869;5872
16/12/2021;381;319;700;154;188;342;26;29;55;31;6;37;23;25;48;6;7;13;1;0;1;34;7;41;2076;2096;4172;280;273;553;27;37;64;3039;2987;6026
17/12/2021;405;273;678;220;183;403;31;27;58;30;9;39;18;25;43;8;10;18;0;0;0;43;1;44;2379;2815;5194;306;378;684;25;50;75;3465;3771;7236
18/12/2021;254;217;471;128;87;215;27;21;48;16;8;24;10;26;36;0;6;6;0;1;1;18;3;21;2167;2962;5129;269;437;706;34;34;68;2923;3802;6725
19/12/2021;215;179;394;84;47;131;13;3;16;13;6;19;24;16;40;3;2;5;2;0;2;30;0;30;3467;2627;6094;470;325;795;40;40;80;4361;3245;7606
20/12/2021;300;306;606;190;217;407;34;29;63;19;9;28;28;19;47;14;9;23;0;0;0;29;4;33;2499;2393;4892;419;251;670;37;37;74;3569;3274;6843
21/12/2021;328;309;637;245;215;460;28;25;53;18;25;43;21;25;46;6;6;12;1;0;1;18;2;20;2056;2272;4328;248;255;503;26;45;71;2995;3179;6174
22/12/2021;424;345;769;262;209;471;38;27;65;31;19;50;19;24;43;4;11;15;0;1;1;30;3;33;2234;2495;4729;282;296;578;44;49;93;3368;3479;6847
23/12/2021;440;348;788;249;245;494;43;28;71;16;18;34;19;19;38;6;9;15;2;0;2;45;1;46;2708;3805;6513;290;435;725;37;51;88;3855;4959;8814
24/12/2021;284;228;512;101;89;190;30;18;48;15;15;30;19;15;34;5;3;8;0;0;0;31;0;31;2445;5434;7879;304;821;1125;22;58;80;3256;6681;9937
25/12/2021;121;57;178;24;17;41;8;11;19;3;1;4;11;4;15;1;1;2;0;0;0;10;1;11;2218;2885;5103;334;429;763;14;20;34;2744;3426;6170
26/12/2021;145;128;273;48;35;83;9;13;22;1;7;8;13;22;35;4;3;7;0;0;0;16;3;19;5213;2385;7598;575;245;820;48;25;73;6072;2866;8938
27/12/2021;303;336;639;152;208;360;33;24;57;16;19;35;20;25;45;6;3;9;1;1;2;31;2;33;3172;2229;5401;490;290;780;35;47;82;4259;3184;7443
28/12/2021;322;283;605;191;199;390;33;28;61;17;14;31;18;17;35;3;5;8;0;0;0;20;2;22;2349;2318;4667;248;268;516;27;44;71;3228;3178;6406
29/12/2021;375;293;668;240;176;416;33;38;71;22;15;37;20;21;41;4;10;14;0;0;0;16;2;18;2553;2513;5066;264;313;577;28;32;60;3555;3413;6968
30/12/2021;364;333;697;184;159;343;39;33;72;16;13;29;15;18;33;3;4;7;0;0;0;34;2;36;2892;4188;7080;281;512;793;28;44;72;3856;5306;9162
31/12/2021;249;156;405;88;70;158;14;11;25;12;4;16;11;15;26;1;1;2;0;0;0;19;1;20;2460;5719;8179;276;904;1180;30;49;79;3160;6930;10090
01/02/2022;275;253;528;134;165;299;24;26;50;14;13;27;24;16;40;4;8;12;0;0;0;19;0;19;1682;1842;3524;298;296;594;29;31;60;2503;2650;5153
02/02/2022;349;299;648;200;202;402;31;28;59;19;16;35;18;22;40;2;12;14;0;1;1;28;3;31;1751;1795;3546;322;262;584;38;53;91;2758;2693;5451
03/02/2022;285;300;585;198;194;392;38;30;68;20;21;41;19;28;47;3;9;12;0;0;0;32;0;32;1876;1899;3775;337;251;588;19;36;55;2827;2768;5595
04/02/2022;324;281;605;176;113;289;34;25;59;24;15;39;17;34;51;4;11;15;0;1;1;32;4;36;2073;2538;4611;292;353;645;19;26;45;2995;3401;6396
05/02/2022;199;172;371;106;70;176;22;21;43;12;13;25;15;22;37;2;7;9;0;0;0;39;3;42;1937;3020;4957;345;543;888;20;35;55;2697;3906;6603
06/02/2022;127;71;198;48;20;68;12;8;20;6;2;8;25;7;32;3;7;10;0;0;0;26;1;27;3667;2381;6048;546;421;967;38;29;67;4498;2947;7445
07/02/2022;254;318;572;139;175;314;36;25;61;20;13;33;25;25;50;6;6;12;0;1;1;50;2;52;2206;2053;4259;508;335;843;42;45;87;3286;2998;6284
08/02/2022;161;279;440;83;188;271;20;29;49;9;21;30;18;35;53;4;15;19;2;1;3;19;7;26;954;1841;2795;239;266;505;19;37;56;1528;2719;4247
09/02/2022;351;293;644;170;155;325;42;21;63;14;17;31;24;22;46;6;6;12;0;0;0;40;2;42;1645;1731;3376;301;268;569;24;31;55;2617;2546;5163
10/02/2022;317;339;656;155;164;319;30;39;69;12;15;27;23;28;51;4;9;13;0;0;0;26;2;28;1814;1816;3630;303;280;583;27;38;65;2711;2730;5441
11/02/2022;387;320;707;171;154;325;40;32;72;18;17;35;18;34;52;9;8;17;0;0;0;37;2;39;2101;2778;4879;322;389;711;22;41;63;3125;3775;6900
12/02/2022;228;175;403;84;73;157;29;21;50;12;10;22;10;23;33;6;13;19;0;1;1;25;1;26;1939;2838;4777;371;554;925;16;27;43;2720;3736;6456
13/02/2022;135;96;231;33;22;55;10;5;15;4;3;7;9;5;14;1;3;4;0;0;0;6;1;7;3606;2347;5953;498;397;895;28;21;49;4330;2900;7230
14/02/2022;271;320;591;154;189;343;28;28;56;19;13;32;38;16;54;8;5;13;1;1;2;49;2;51;2048;1955;4003;515;289;804;37;22;59;3168;2840;6008
15/02/2022;281;314;595;135;158;293;24;34;58;15;22;37;35;32;67;4;8;12;0;0;0;29;4;33;1592;1715;3307;311;270;581;23;22;45;2449;2579;5028
16/02/2022;349;310;659;141;129;270;29;44;73;20;20;40;22;29;51;4;18;22;1;0;1;31;3;34;1725;1826;3551;286;268;554;23;18;41;2631;2665;5296
17/02/2022;310;310;620;147;151;298;28;35;63;16;24;40;33;18;51;4;12;16;1;0;1;32;6;38;1769;1807;3576;293;267;560;24;28;52;2657;2658;5315
18/02/2022;359;281;640;166;155;321;34;37;71;16;21;37;15;23;38;3;20;23;0;0;0;13;3;16;2159;2635;4794;302;399;701;43;50;93;3110;3624;6734
19/02/2022;186;159;345;81;70;151;14;23;37;9;18;27;21;22;43;4;14;18;0;1;1;32;4;36;1843;2706;4549;358;468;826;16;34;50;2564;3519;6083
20/02/2022;140;99;239;46;43;89;17;12;29;13;6;19;25;11;36;4;8;12;0;0;0;17;3;20;3323;2231;5554;526;381;907;28;18;46;4139;2812;6951
21/02/2022;301;354;655;158;194;352;20;48;68;14;14;28;30;22;52;11;7;18;0;1;1;35;3;38;2002;1956;3958;472;268;740;34;38;72;3077;2905;5982
22/02/2022;270;297;567;199;192;391;23;31;54;18;13;31;30;11;41;6;15;21;0;0;0;22;0;22;1584;1710;3294;296;247;543;28;31;59;2476;2547;5023
23/02/2022;330;256;586;188;169;357;31;33;64;16;7;23;20;14;34;4;1;5;0;0;0;19;2;21;1487;1546;3033;273;240;513;26;37;63;2394;2305;4699
24/02/2022;334;301;635;153;168;321;31;44;75;17;13;30;11;26;37;4;10;14;0;0;0;22;3;25;1817;1905;3722;289;249;538;27;35;62;2705;2754;5459
25/02/2022;323;276;599;148;148;296;45;33;78;15;8;23;20;17;37;2;4;6;0;0;0;29;2;31;1891;3049;4940;239;380;619;22;46;68;2734;3963;6697
26/02/2022;231;185;416;105;89;194;28;26;54;10;14;24;17;18;35;6;5;11;0;2;2;13;1;14;2092;5172;7264;294;689;983;16;58;74;2812;6259;9071
27/02/2022;128;76;204;36;29;65;22;7;29;7;4;11;18;6;24;2;3;5;1;0;1;24;3;27;3110;2604;5714;471;397;868;23;29;52;3842;3158;7000
28/02/2022;197;236;433;148;181;329;22;23;45;10;13;23;18;18;36;5;3;8;0;0;0;30;2;32;3177;2153;5330;509;267;776;42;31;73;4158;2927;7085
01/03/2022;173;184;357;108;105;213;26;24;50;12;11;23;20;10;30;4;1;5;0;0;0;3;4;7;3257;1917;5174;411;216;627;24;25;49;4038;2497;6535
02/03/2022;267;232;499;154;141;295;33;21;54;17;16;33;21;18;39;9;10;19;2;0;2;32;3;35;2718;1727;4445;362;256;618;27;23;50;3642;2447;6089
03/03/2022;294;279;573;142;180;322;24;23;47;16;13;29;25;18;43;7;4;11;0;0;0;22;4;26;1885;1777;3662;328;273;601;21;25;46;2764;2596;5360
04/03/2022;349;306;655;175;155;330;22;38;60;22;19;41;21;32;53;5;12;17;0;2;2;19;5;24;2072;2434;4506;293;432;725;26;48;74;3004;3483;6487
05/03/2022;214;156;370;114;91;205;20;22;42;17;13;30;14;23;37;3;2;5;0;1;1;20;2;22;1897;2618;4515;345;476;821;16;28;44;2660;3432;6092
06/03/2022;114;76;190;63;25;88;12;11;23;9;3;12;19;7;26;4;9;13;0;2;2;21;0;21;2921;2127;5048;422;324;746;28;19;47;3613;2603;6216
07/03/2022;252;305;557;100;135;235;20;33;53;22;13;35;23;16;39;8;8;16;0;0;0;29;5;34;2119;2121;4240;445;262;707;22;25;47;3040;2923;5963
08/03/2022;275;238;513;108;117;225;24;22;46;22;15;37;23;20;43;3;10;13;0;0;0;25;0;25;1639;1859;3498;302;263;565;21;26;47;2442;2570;5012
09/03/2022;328;282;610;122;147;269;22;30;52;23;12;35;14;17;31;6;12;18;0;0;0;17;2;19;1744;1796;3540;302;284;586;21;34;55;2599;2616;5215
10/03/2022;345;341;686;139;137;276;31;30;61;15;12;27;24;23;47;6;6;12;1;0;1;21;2;23;1887;1831;3718;275;273;548;22;33;55;2766;2688;5454
11/03/2022;335;278;613;127;130;257;28;35;63;13;19;32;20;36;56;8;10;18;0;0;0;24;9;33;2057;2453;4510;232;351;583;23;27;50;2867;3348;6215
12/03/2022;192;162;354;84;72;156;28;22;50;12;10;22;14;25;39;2;5;7;0;1;1;24;6;30;1703;2540;4243;274;475;749;23;28;51;2356;3346;5702
13/03/2022;127;90;217;31;26;57;15;6;21;3;1;4;31;12;43;3;0;3;3;0;3;33;0;33;2947;2120;5067;496;354;850;23;20;43;3712;2629;6341
14/03/2022;247;332;579;115;147;262;24;25;49;18;19;37;29;17;46;8;14;22;0;0;0;31;4;35;1951;1964;3915;452;293;745;17;33;50;2892;2848;5740
15/03/2022;238;248;486;84;112;196;25;29;54;18;12;30;27;20;47;3;6;9;0;0;0;21;2;23;1460;1530;2990;253;240;493;11;37;48;2140;2236;4376
16/03/2022;306;318;624;122;110;232;29;26;55;12;10;22;17;28;45;5;18;23;0;0;0;30;1;31;1512;1685;3197;279;252;531;24;21;45;2336;2469;4805
17/03/2022;264;310;574;106;135;241;31;33;64;13;14;27;18;18;36;7;7;14;0;1;1;21;7;28;1584;1694;3278;275;265;540;19;28;47;2338;2512;4850
18/03/2022;228;263;491;66;97;163;19;31;50;16;16;32;11;25;36;0;8;8;0;0;0;18;2;20;1142;2448;3590;191;422;613;7;31;38;1698;3343;5041
19/03/2022;147;147;294;56;46;102;14;16;30;13;8;21;20;13;33;4;7;11;0;0;0;22;4;26;1421;2547;3968;229;466;695;14;24;38;1940;3278;5218
20/03/2022;112;86;198;40;27;67;10;7;17;9;4;13;22;7;29;5;12;17;0;0;0;43;3;46;3459;1992;5451;528;381;909;36;23;59;4264;2542;6806
21/03/2022;259;307;566;110;141;251;27;27;54;12;11;23;27;14;41;11;7;18;0;0;0;40;3;43;1931;1844;3775;471;303;774;24;35;59;2912;2692;5604
22/03/2022;247;274;521;94;122;216;29;31;60;23;10;33;28;33;61;7;13;20;0;0;0;28;5;33;1584;1706;3290;310;263;573;12;19;31;2362;2476;4838
23/03/2022;325;307;632;128;118;246;26;34;60;24;19;43;27;19;46;7;9;16;0;0;0;48;4;52;1698;1751;3449;292;241;533;22;22;44;2597;2524;5121
24/03/2022;314;320;634;122;132;254;30;25;55;21;9;30;20;26;46;6;20;26;1;0;1;26;0;26;1895;2212;4107;302;376;678;21;38;59;2758;3158;5916
25/03/2022;230;180;410;89;88;177;23;21;44;7;9;16;19;15;34;4;4;8;0;1;1;30;1;31;1943;3461;5404;367;544;911;16;42;58;2728;4366;7094
26/03/2022;172;130;302;61;56;117;21;16;37;9;6;15;19;12;31;4;10;14;0;2;2;44;1;45;1891;2480;4371;395;505;900;24;39;63;2640;3257;5897
27/03/2022;144;95;239;35;26;61;20;6;26;7;3;10;17;13;30;7;6;13;0;0;0;30;2;32;4096;2189;6285;572;387;959;32;28;60;4960;2755;7715
28/03/2022;233;300;533;88;119;207;28;28;56;13;17;30;30;24;54;9;10;19;2;1;3;38;4;42;2034;1925;3959;491;271;762;35;21;56;3001;2720;5721
29/03/2022;251;280;531;99;118;217;33;28;61;16;19;35;14;27;41;10;8;18;0;0;0;30;6;36;1530;1704;3234;264;249;513;13;19;32;2260;2458;4718
30/03/2022;277;293;570;112;130;242;16;28;44;16;15;31;17;18;35;3;11;14;0;0;0;19;3;22;1514;1602;3116;319;302;621;21;29;50;2314;2431;4745
31/03/2022;270;293;563;94;127;221;24;25;49;20;8;28;20;15;35;8;10;18;0;1;1;31;1;32;1635;1634;3269;311;298;609;13;25;38;2426;2437;4863
01/04/2022;276;231;507;89;105;194;32;30;62;18;10;28;14;20;34;2;10;12;0;0;0;33;5;38;1753;2174;3927;289;413;702;16;31;47;2522;3029;5551
02/04/2022;197;168;365;81;65;146;21;20;41;10;11;21;22;23;45;2;8;10;0;0;0;33;4;37;1735;2487;4222;353;483;836;21;25;46;2475;3294;5769
03/04/2022;117;83;200;38;35;73;16;9;25;10;2;12;27;11;38;12;8;20;0;1;1;35;3;38;2701;2128;4829;444;374;818;23;19;42;3423;2673;6096
04/04/2022;239;328;567;77;132;209;27;21;48;15;7;22;39;13;52;11;4;15;0;0;0;57;0;57;1694;1782;3476;460;329;789;18;21;39;2637;2637;5274
05/04/2022;226;241;467;74;94;168;22;23;45;15;16;31;16;20;36;4;9;13;0;1;1;15;3;18;1427;1605;3032;304;311;615;14;23;37;2117;2346;4463
06/04/2022;297;265;562;96;118;214;20;33;53;10;7;17;16;31;47;9;9;18;0;0;0;39;5;44;1556;1645;3201;322;283;605;25;30;55;2390;2426;4816
07/04/2022;283;291;574;94;121;215;18;22;40;19;14;33;15;33;48;6;14;20;0;0;0;24;4;28;1714;1697;3411;305;309;614;18;15;33;2496;2520;5016
08/04/2022;326;261;587;115;126;241;24;33;57;13;18;31;21;37;58;5;12;17;0;0;0;23;11;34;1849;2295;4144;275;365;640;15;34;49;2666;3192;5858
09/04/2022;182;156;338;80;67;147;26;23;49;16;14;30;14;25;39;4;14;18;0;2;2;25;3;28;1663;2357;4020;406;510;916;21;41;62;2437;3212;5649
10/04/2022;136;131;267;33;21;54;16;5;21;9;6;15;15;19;34;5;6;11;0;0;0;29;3;32;2633;2228;4861;542;448;990;17;22;39;3435;2889;6324
11/04/2022;192;325;517;66;120;186;24;33;57;15;15;30;38;23;61;7;7;14;0;0;0;39;5;44;1642;1861;3503;446;292;738;19;26;45;2488;2707;5195
12/04/2022;251;261;512;79;134;213;23;26;49;19;13;32;29;29;58;3;7;10;0;0;0;13;1;14;1555;1846;3401;307;312;619;19;30;49;2298;2659;4957
13/04/2022;281;273;554;113;125;238;19;26;45;17;22;39;21;24;45;4;12;16;0;0;0;18;9;27;1920;2803;4723;328;347;675;30;48;78;2751;3689;6440
14/04/2022;346;290;636;98;94;192;26;28;54;18;17;35;18;23;41;0;6;6;0;2;2;14;3;17;1997;6643;8640;291;753;1044;14;50;64;2822;7909;10731
15/04/2022;118;92;210;25;29;54;13;6;19;8;5;13;9;6;15;3;6;9;1;0;1;10;2;12;1783;5566;7349;335;731;1066;15;34;49;2320;6477;8797
16/04/2022;86;77;163;32;39;71;7;15;22;7;4;11;3;9;12;3;6;9;0;0;0;13;0;13;1533;1617;3150;313;351;664;8;19;27;2005;2137;4142
17/04/2022;128;93;221;29;25;54;10;11;21;3;2;5;12;4;16;2;1;3;0;0;0;9;2;11;6421;1975;8396;533;311;844;66;18;84;7213;2442;9655
18/04/2022;241;355;596;92;121;213;21;18;39;12;9;21;19;26;45;12;4;16;0;0;0;28;0;28;2891;1908;4799;533;255;788;28;27;55;3877;2723;6600
19/04/2022;219;280;499;78;121;199;20;33;53;13;20;33;25;30;55;9;10;19;1;0;1;17;3;20;1509;1613;3122;347;256;603;11;13;24;2249;2379;4628
20/04/2022;263;276;539;76;106;182;20;29;49;8;20;28;17;39;56;3;11;14;0;0;0;16;6;22;1520;1786;3306;350;332;682;11;23;34;2284;2628;4912
21/04/2022;158;212;370;71;83;154;25;15;40;10;6;16;9;19;28;4;14;18;0;0;0;20;4;24;1588;1948;3536;334;351;685;20;34;54;2239;2686;4925
22/04/2022;213;235;448;72;105;177;23;33;56;15;16;31;10;31;41;3;9;12;0;0;0;23;6;29;1553;2132;3685;315;381;696;17;20;37;2244;2968;5212
23/04/2022;168;185;353;66;83;149;12;19;31;11;10;21;18;27;45;2;10;12;0;0;0;13;2;15;1476;2194;3670;258;349;607;9;14;23;2033;2893;4926
24/04/2022;123;104;227;32;23;55;16;6;22;3;2;5;10;9;19;4;10;14;0;0;0;19;3;22;2562;2015;4577;444;385;829;16;20;36;3229;2577;5806
25/04/2022;172;281;453;53;110;163;10;24;34;6;12;18;23;24;47;5;12;17;0;1;1;22;6;28;1353;1724;3077;444;297;741;19;27;46;2107;2518;4625
26/04/2022;160;253;413;84;130;214;19;21;40;11;15;26;12;17;29;3;6;9;0;1;1;14;3;17;1214;1623;2837;343;271;614;16;33;49;1876;2373;4249
27/04/2022;163;280;443;49;98;147;22;22;44;9;10;19;8;25;33;1;9;10;0;2;2;9;4;13;795;1556;2351;228;289;517;5;20;25;1289;2315;3604
28/04/2022;259;287;546;105;112;217;25;27;52;12;16;28;18;25;43;3;8;11;0;1;1;26;5;31;1480;1545;3025;344;330;674;20;28;48;2292;2384;4676
29/04/2022;284;254;538;94;81;175;28;22;50;15;13;28;20;34;54;2;14;16;0;1;1;30;1;31;1796;2387;4183;330;435;765;23;30;53;2622;3272;5894
30/04/2022;210;186;396;77;72;149;17;31;48;13;7;20;10;14;24;4;2;6;0;0;0;32;3;35;1673;2543;4216;352;520;872;17;27;44;2405;3405;5810
01/05/2022;116;75;191;43;25;68;9;6;15;4;1;5;11;6;17;5;11;16;0;1;1;11;1;12;2703;2102;4805;506;400;906;16;15;31;3424;2643;6067
02/05/2022;234;299;533;93;129;222;20;22;42;13;9;22;30;11;41;7;13;20;0;1;1;29;2;31;1798;1835;3633;498;355;853;27;40;67;2749;2716;5465
03/05/2022;271;240;511;104;111;215;20;15;35;14;13;27;20;17;37;3;14;17;0;0;0;23;2;25;1441;1664;3105;358;299;657;17;25;42;2271;2400;4671
04/05/2022;295;278;573;99;111;210;29;26;55;16;11;27;17;23;40;6;10;16;0;2;2;18;6;24;1609;1729;3338;368;327;695;16;30;46;2473;2553;5026
05/05/2022;303;326;629;99;133;232;23;24;47;19;17;36;18;25;43;7;10;17;0;0;0;19;3;22;1751;1782;3533;326;283;609;22;34;56;2587;2637;5224
06/05/2022;330;294;624;95;86;181;28;25;53;10;18;28;24;29;53;11;7;18;0;0;0;25;10;35;1911;2681;4592;368;515;883;25;36;61;2827;3701;6528
07/05/2022;189;160;349;74;71;145;21;24;45;13;7;20;13;16;29;5;7;12;2;0;2;25;2;27;1910;3412;5322;365;687;1052;9;39;48;2626;4425;7051
08/05/2022;0;0;0;0;0;0;0;0;0;0;0;0;0;0;0;0;0;0;0;0;0;0;0;0;0;0;0;0;0;0;0;0;0;0;0;0
09/05/2022;131;304;435;95;123;218;21;32;53;21;8;29;14;14;28;4;3;7;0;0;0;20;2;22;1456;1950;3406;482;289;771;223;37;260;2467;2762;5229
10/05/2022;245;274;519;88;113;201;15;29;44;17;14;31;29;29;58;4;5;9;0;1;1;14;4;18;1413;1550;2963;324;294;618;20;26;46;2169;2339;4508
11/05/2022;320;309;629;104;118;222;33;29;62;15;19;34;25;26;51;4;10;14;0;1;1;10;6;16;1490;1568;3058;347;287;634;44;33;77;2392;2406;4798
12/05/2022;283;323;606;119;138;257;27;27;54;21;21;42;15;33;48;9;9;18;1;0;1;24;5;29;1677;1663;3340;326;314;640;34;28;62;2536;2561;5097
13/05/2022;330;282;612;120;121;241;28;28;56;17;16;33;9;23;32;5;10;15;1;0;1;14;7;21;1918;2274;4192;276;406;682;26;39;65;2744;3206;5950
14/05/2022;201;166;367;73;70;143;20;20;40;17;10;27;10;24;34;4;3;7;0;0;0;24;2;26;1606;2401;4007;352;543;895;19;25;44;2326;3264;5590
15/05/2022;139;120;259;38;33;71;15;7;22;8;5;13;17;5;22;10;5;15;0;0;0;18;1;19;2579;2086;4665;456;393;849;15;22;37;3295;2677;5972
16/05/2022;239;298;537;94;142;236;22;20;42;18;4;22;42;11;53;3;5;8;1;1;2;34;1;35;1738;1851;3589;482;327;809;20;28;48;2693;2688;5381
17/05/2022;251;250;501;95;129;224;21;36;57;19;12;31;25;26;51;10;15;25;1;0;1;27;5;32;1467;1668;3135;340;322;662;18;23;41;2274;2486;4760
18/05/2022;285;293;578;103;123;226;21;26;47;14;15;29;24;25;49;12;11;23;0;0;0;33;3;36;1451;1618;3069;345;293;638;12;31;43;2300;2438;4738
19/05/2022;285;315;600;109;142;251;27;21;48;23;24;47;21;26;47;7;6;13;1;0;1;31;5;36;1545;1638;3183;316;310;626;18;25;43;2383;2512;4895
20/05/2022;333;293;626;106;124;230;35;27;62;20;12;32;12;38;50;6;14;20;1;0;1;19;4;23;1845;2479;4324;328;437;765;15;35;50;2720;3463;6183
21/05/2022;168;129;297;86;79;165;22;13;35;13;8;21;15;21;36;8;14;22;0;0;0;21;7;28;1557;2478;4035;348;531;879;13;22;35;2251;3302;5553
22/05/2022;115;94;209;43;27;70;8;6;14;10;4;14;14;8;22;5;4;9;0;0;0;21;0;21;2727;1928;4655;487;401;888;28;17;45;3458;2489;5947
23/05/2022;161;172;333;55;89;144;17;17;34;4;5;9;19;8;27;5;8;13;0;0;0;19;1;20;1263;1134;2397;335;192;527;19;13;32;1897;1639;3536
24/05/2022;168;203;371;81;83;164;21;16;37;15;7;22;17;16;33;8;6;14;0;0;0;14;5;19;993;1110;2103;215;195;410;11;12;23;1543;1653;3196
25/05/2022;274;277;551;115;119;234;24;18;42;18;12;30;25;33;58;5;18;23;2;1;3;33;5;38;1404;1511;2915;306;308;614;18;25;43;2224;2327;4551
26/05/2022;275;301;576;85;128;213;32;23;55;18;9;27;22;24;46;8;10;18;0;0;0;25;6;31;1535;1588;3123;343;326;669;17;28;45;2360;2443;4803
27/05/2022;298;270;568;117;126;243;39;36;75;21;20;41;20;45;65;10;13;23;0;0;0;28;7;35;1715;2295;4010;316;431;747;24;33;57;2588;3276;5864
28/05/2022;171;162;333;91;65;156;16;17;33;14;10;24;20;31;51;5;9;14;1;0;1;14;4;18;1412;2392;3804;300;459;759;11;32;43;2055;3181;5236
29/05/2022;127;91;218;49;37;86;16;6;22;2;5;7;21;12;33;6;5;11;0;0;0;25;1;26;2647;1832;4479;459;382;841;15;21;36;3367;2392;5759
30/05/2022;240;319;559;100;106;206;25;31;56;18;14;32;28;31;59;7;12;19;0;1;1;34;6;40;1702;1597;3299;474;299;773;20;18;38;2648;2434;5082
31/05/2022;252;253;505;113;128;241;34;34;68;19;12;31;31;26;57;7;7;14;0;2;2;18;2;20;1420;1631;3051;355;336;691;14;30;44;2263;2461;4724
01/06/2022;286;289;575;114;109;223;24;26;50;16;16;32;22;36;58;3;16;19;0;0;0;26;9;35;1441;1558;2999;283;307;590;19;28;47;2234;2394;4628
02/06/2022;268;318;586;99;136;235;27;28;55;17;15;32;23;21;44;4;10;14;0;0;0;33;3;36;1394;1491;2885;268;271;539;7;13;20;2140;2306;4446
03/06/2022;191;231;422;70;89;159;20;31;51;15;11;26;10;20;30;5;8;13;0;0;0;13;5;18;1151;2269;3420;269;504;773;16;47;63;1760;3215;4975
04/06/2022;195;175;370;73;72;145;20;19;39;18;19;37;11;15;26;3;14;17;0;1;1;36;4;40;1675;2577;4252;387;535;922;21;37;58;2439;3468;5907
05/06/2022;144;87;231;45;22;67;16;3;19;13;2;15;29;7;36;5;8;13;0;0;0;38;7;45;2605;1969;4574;484;413;897;20;24;44;3399;2542;5941
06/06/2022;219;269;488;88;114;202;31;24;55;7;6;13;26;19;45;6;7;13;2;0;2;24;0;24;1670;1767;3437;521;329;850;15;23;38;2609;2558;5167
07/06/2022;252;261;513;92;116;208;28;21;49;19;10;29;24;27;51;11;11;22;0;0;0;20;9;29;1446;1685;3131;389;363;752;20;22;42;2301;2525;4826
08/06/2022;294;278;572;98;132;230;33;17;50;16;12;28;22;24;46;8;9;17;1;1;2;33;4;37;1484;1665;3149;376;408;784;14;40;54;2379;2590;4969
09/06/2022;293;298;591;127;155;282;33;29;62;21;18;39;18;31;49;6;18;24;0;0;0;37;6;43;1561;1616;3177;337;340;677;13;36;49;2446;2547;4993
10/06/2022;314;249;563;135;123;258;36;22;58;21;21;42;17;26;43;3;12;15;0;0;0;25;6;31;1855;2476;4331;414;518;932;25;34;59;2845;3487;6332
11/06/2022;201;173;374;78;87;165;13;18;31;20;12;32;13;19;32;6;7;13;0;1;1;19;2;21;1650;2573;4223;388;634;1022;23;40;63;2411;3566;5977
12/06/2022;129;88;217;44;35;79;15;9;24;3;4;7;13;9;22;3;6;9;0;0;0;20;1;21;2709;1990;4699;543;472;1015;28;28;56;3507;2642;6149
13/06/2022;223;272;495;82;129;211;24;21;45;13;10;23;35;14;49;13;6;19;0;1;1;19;4;23;1892;1780;3672;569;425;994;28;41;69;2898;2703;5601
14/06/2022;248;257;505;104;121;225;24;19;43;14;10;24;29;20;49;12;18;30;1;1;2;17;2;19;1503;1661;3164;407;386;793;24;33;57;2383;2528;4911
15/06/2022;315;284;599;123;126;249;31;23;54;20;15;35;26;30;56;8;12;20;1;2;3;26;7;33;1757;1912;3669;363;419;782;26;37;63;2696;2867;5563
16/06/2022;206;198;404;88;88;176;24;19;43;13;14;27;19;21;40;13;13;26;0;0;0;35;3;38;1727;2282;4009;348;450;798;21;34;55;2494;3122;5616
17/06/2022;248;202;450;106;107;213;25;18;43;22;8;30;13;9;22;2;4;6;1;0;1;28;3;31;1604;2072;3676;377;521;898;23;37;60;2449;2981;5430
18/06/2022;177;156;333;84;70;154;14;13;27;16;12;28;11;19;30;6;9;15;0;1;1;38;3;41;1535;2329;3864;414;646;1060;15;43;58;2310;3301;5611
19/06/2022;125;81;206;36;16;52;12;3;15;6;3;9;21;5;26;3;10;13;1;2;3;25;0;25;2335;1476;3811;445;362;807;30;22;52;3039;1980;5019
20/06/2022;210;270;480;92;147;239;20;21;41;19;12;31;32;15;47;9;8;17;0;0;0;32;2;34;1700;1679;3379;550;398;948;21;32;53;2685;2584;5269
21/06/2022;305;271;576;116;87;203;28;15;43;17;7;24;36;24;60;6;13;19;0;1;1;22;3;25;1437;1565;3002;367;340;707;15;29;44;2349;2355;4704
22/06/2022;313;292;605;140;143;283;31;28;59;19;11;30;24;25;49;4;18;22;1;1;2;40;2;42;1449;1596;3045;369;386;755;8;28;36;2398;2530;4928
23/06/2022;287;316;603;116;136;252;34;21;55;14;22;36;24;30;54;9;12;21;0;1;1;33;6;39;1519;1703;3222;361;370;731;17;28;45;2414;2645;5059
24/06/2022;344;269;613;132;112;244;40;26;66;19;10;29;15;28;43;5;11;16;1;0;1;27;5;32;1798;2339;4137;352;538;890;20;40;60;2753;3378;6131
25/06/2022;205;148;353;74;73;147;18;14;32;15;6;21;8;12;20;3;4;7;1;0;1;24;1;25;1655;2588;4243;393;606;999;21;37;58;2417;3489;5906
26/06/2022;138;92;230;37;46;83;21;9;30;5;2;7;21;10;31;9;8;17;0;0;0;36;2;38;2753;1790;4543;575;434;1009;25;29;54;3620;2422;6042
27/06/2022;253;287;540;108;139;247;29;35;64;12;11;23;35;15;50;8;10;18;0;0;0;30;2;32;1832;1730;3562;547;377;924;13;28;41;2867;2634;5501
28/06/2022;300;256;556;121;141;262;33;30;63;16;17;33;21;30;51;3;11;14;1;0;1;25;4;29;1482;1627;3109;381;354;735;17;35;52;2400;2505;4905
29/06/2022;334;288;622;131;143;274;21;25;46;22;11;33;21;28;49;6;5;11;0;0;0;28;3;31;1501;1588;3089;350;347;697;15;33;48;2429;2471;4900
30/06/2022;289;137;426;126;87;213;30;36;66;13;40;53;29;9;38;9;14;23;0;0;0;32;1;33;1638;938;2576;348;260;608;19;169;188;2533;1691;4224